	SNP	Chromosome	Position	trait1
1	ENSG00000002079	7	98836416	8.31279069313544e-09
2	ENSG00000088340	20	34146506	0.0541458496731409
3	ENSG00000100181	22	17082776	0.652749408324528
4	ENSG00000105694	19	2538107	0.00620148590247771
5	ENSG00000135477	12	52644249	0.141538709531343
6	ENSG00000135747	1	247108848	0.101138997583079
7	ENSG00000146001	5	140613937	0.127468687648111
8	ENSG00000150526	14	39703119	0.990002272722293
9	ENSG00000151303	10	88752162	0.00318547725188251
10	ENSG00000154198	1	47308766	0.0983175534912741
11	ENSG00000154316	8	11197145	0.0237093235252838
12	ENSG00000159860	7	143333744	0.846892521591177
13	ENSG00000163612	4	9155021	0.263609014684777
14	ENSG00000167912	8	60031598	0.236172872579498
15	ENSG00000167945	16	855442	0.846179093892027
16	ENSG00000171101	19	51670584	0.00314876390800892
17	ENSG00000173862	7	33765592	0.0513783985953521
18	ENSG00000174403	20	61141549	0.0562714776494674
19	ENSG00000174680	21	31120493	0.653356664808603
20	ENSG00000175967	6	114225301	0.431509287143007
21	ENSG00000176716	11	7749631	0.0272756732811964
22	ENSG00000177133	1	2976178	0.000602709760640207
23	ENSG00000177197	13	48902219	0.515355573926066
24	ENSG00000177855	2	184472169	0.142640188655722
25	ENSG00000178162	2	131174327	0.545083433662993
26	ENSG00000178636	4	120113927	0.163694765886708
27	ENSG00000179066	19	35596872	0.0216246311944094
28	ENSG00000179157	6	43331216	0.348033633660738
29	ENSG00000179277	17	15689931	0.617669066152465
30	ENSG00000179935	20	18768294	0.356832798410823
31	ENSG00000179967	4	140036083	2.39443601996474e-07
32	ENSG00000180019	7	112086218	0.642761967470725
33	ENSG00000180066	10	134257830	6.74605410394655e-07
34	ENSG00000180229	15	20588367	0.399570920428392
35	ENSG00000180769	4	85887537	0.149270657575458
36	ENSG00000181355	6	9596522	0.00404028447648838
37	ENSG00000181819	23	104650317	0.882066352295545
38	ENSG00000182397	15	100330360	0.674499883247845
39	ENSG00000184139	4	132778497	0.994026277423522
40	ENSG00000184682	11	1910374	0.501637312783741
41	ENSG00000184774	1	202789393	0.000613076365213899
42	ENSG00000184795	11	67479172	0.847674563474549
43	ENSG00000186354	9	91605777	0.10575745570259
44	ENSG00000186369	14	62584196	0.432662457475826
45	ENSG00000186466	9	67272037	0.898206580586061
46	ENSG00000186842	21	33944547	0.338770778543527
47	ENSG00000187952	1	21754795	0.0864026586953102
48	ENSG00000188013	17	20492370	0.290721194302609
49	ENSG00000188662	17	48248788	0.0386181082895335
50	ENSG00000189212	7	35119600	0.142214728435561
51	ENSG00000196593	13	24513695	0.353675382753724
52	ENSG00000197083	5	150310206	0.11322143444352
53	ENSG00000197320	7	9765869	0.100501946340383
54	ENSG00000197376	12	48901136	0.771429928128091
55	ENSG00000197670	20	52169308	0.404909696918122
56	ENSG00000197882	11	86543581	0.796215291729522
57	ENSG00000198106	16	29262828	0.0233888435541696
58	ENSG00000198384	13	53063127	0.751234092803323
59	ENSG00000198416	9	39443803	0.00638847364349525
60	ENSG00000198555	16	33778505	0.0210142804201361
61	ENSG00000198857	1	120143962	0.0387811650837068
62	ENSG00000199332	6	31369928	0.388375367449882
63	ENSG00000199476	3	48330076	0.515392518437071
64	ENSG00000199691	20	37390170	0.509440093833657
65	ENSG00000199899	12	113594569	0.0918821793323868
66	ENSG00000200033	1	222010675	3.5295812207628e-06
67	ENSG00000200237	19	9930629	0.213808685064712
68	ENSG00000200253	10	88800994	0.558065833522243
69	ENSG00000200356	10	75038819	0.0116251029996152
70	ENSG00000200525	8	96067441	0.297385548541979
71	ENSG00000200550	2	42939879	0.176300140657103
72	ENSG00000200674	1	173760685	0.00916313337916927
73	ENSG00000201217	3	152167060	0.514840432090751
74	ENSG00000201724	15	100221990	0.596969275359655
75	ENSG00000202198	6	52860417	0.620664099063132
76	ENSG00000202533	5	131803838	0.4775474353572
77	ENSG00000203286	9	3452304	0.0732114988861538
78	ENSG00000203307	1	166050419	0.487524297712442
79	ENSG00000203414	10	13198683	0.171222186389108
80	ENSG00000203446	7	40577725	0.0146099588874216
81	ENSG00000203506	3	29657465	0.0193347742482991
82	ENSG00000203635	2	1624281	0.00869976618882331
83	ENSG00000203855	1	120106688	0.122649057332214
84	ENSG00000203886	10	104592477	0.00488772054350778
85	ENSG00000204118	23	72345875	0.0394513967836863
86	ENSG00000204136	9	124207268	0.000229477632399091
87	ENSG00000204187	10	44340753	0.693872671442437
88	ENSG00000204789	6	27325603	0.136877112758331
89	ENSG00000204790	9	69204537	0.329307469887468
90	ENSG00000204818	9	44170446	0.831825291752986
91	ENSG00000204837	9	41961614	0.669365502295625
92	ENSG00000205318	6	10633992	0.705591152865613
93	ENSG00000205361	16	56677616	0.69847179946412
94	ENSG00000205414	16	50639986	0.406614359439209
95	ENSG00000205562	14	85991476	0.000127573027437635
96	ENSG00000205879	8	12029710	0.120822445371104
97	ENSG00000206647	2	10295198	0.336377021706546
98	ENSG00000206728	3	23315297	0.00764825193036082
99	ENSG00000206878	1	228788182	0.000131121590115463
100	ENSG00000206965	2	175422693	0.0291377438215145
101	ENSG00000207146	23	107920180	0.431687849589864
102	ENSG00000207206	9	84340157	0.494669059833276
103	ENSG00000207770	3	114035321	0.938752206545816
104	ENSG00000209042	20	47895476	0.50682461977885
105	ENSG00000209082	M	3228	0.239799887975874
106	ENSG00000210049	M	574	0.0222196309642131
107	ENSG00000210194	M	14672	0.00035377790482302
108	ENSG00000210195	M	15886	0.759475058479141
109	ENSG00000211694	7	38339411	0.00377332436022025
110	ENSG00000211785	14	22309421	0.000405855112180245
111	ENSG00000211786	14	22314718	3.98965571502345e-06
112	ENSG00000211802	14	22538819	0.000102799229223609
113	ENSG00000211818	14	22771938	0.751604608522103
114	ENSG00000211898	14	106303098	4.78491376922813e-06
115	ENSG00000212206	17	8232900	0.172623986867216
116	ENSG00000212237	1	228783658	0.000112575831573296
117	ENSG00000212293	13	32994526	0.0296645320607856
118	ENSG00000213028	1	229824745	0.0599250003699931
119	ENSG00000213070	1	164326003	0.585703455273808
120	ENSG00000213071	6	160874459	0.745377272356716
121	ENSG00000213078	6	157787021	0.0199613217822552
122	ENSG00000213082	2	208546313	0.371352053490538
123	ENSG00000213225	2	130986948	0.174267199918053
124	ENSG00000213250	12	94817519	0.0785322209837807
125	ENSG00000213279	22	49965911	0.760310254832164
126	ENSG00000213352	12	63149006	0.00743024903844272
127	ENSG00000213370	4	174554878	0.0961080324355175
128	ENSG00000213373	17	41026686	2.806623139821e-08
129	ENSG00000213386	5	172189523	0.515849395639634
130	ENSG00000213435	6	42694971	0.103483249639688
131	ENSG00000213519	3	197307214	0.36437883297684
132	ENSG00000213561	1	78509066	0.109442220165259
133	ENSG00000213601	2	190175988	0.0291191248899101
134	ENSG00000213703	1	63106792	0.83011457644433
135	ENSG00000213750	8	98636430	0.763210230086142
136	ENSG00000213754	23	63524926	0.0520331716730417
137	ENSG00000213876	17	7044248	0.693133481506433
138	ENSG00000213938	2	200524273	0.706096255478563
139	ENSG00000213956	5	49928957	0.14579471929922
140	ENSG00000213985	19	20368528	0.371974217750855
141	ENSG00000213997	23	46506028	0.0497570057682192
142	ENSG00000214039	12	130517998	0.918208508886948
143	ENSG00000214073	3	1947334	0.341919614181775
144	ENSG00000214093	22	31955468	0.198284585565133
145	ENSG00000214100	2	130680434	0.862754327132996
146	ENSG00000214121	9	12972841	0.176782851565419
147	ENSG00000214264	11	112051495	0.964059833760102
148	ENSG00000214273	4	190962496	0.0478501712454215
149	ENSG00000214280	3	139301769	0.776500119374175
150	ENSG00000214289	3	134070693	0.574863908313106
151	ENSG00000214533	2	65893828	0.896956701190163
152	ENSG00000214553	17	37183529	0.579346313595871
153	ENSG00000214612	20	18485276	0.363852889351125
154	ENSG00000214796	1	202820955	0.00696187930918325
155	ENSG00000214826	12	9570308	0.331209656383504
156	ENSG00000214919	3	155459932	0.805412648985836
157	ENSG00000214955	21	35577355	0.650623358394707
158	ENSG00000214961	23	133406316	0.0727966995414583
159	ENSG00000215105	23	74960540	0.633404218370387
160	ENSG00000215237	9	14993309	0.431719454436677
161	ENSG00000215267	10	5317135	0.0971545300114541
162	ENSG00000215333	22	44962844	0.578347800783941
163	ENSG00000215374	8	7159132	0.530096617332577
164	ENSG00000215386	21	17442841	0.0143992803154614
165	ENSG00000215452	20	45042866	0.055256648095988
166	ENSG00000215493	22	20804408	0.23796511961947
167	ENSG00000215559	21	15281894	0.256877914760762
168	ENSG00000215630	5	70498110	0.134271532707904
169	ENSG00000215861	1	144676873	0.185788592036654
170	ENSG00000215878	6	138723721	0.0768797312934987
171	ENSG00000215914	1	1631368	0.795686131977599
172	ENSG00000216306	12	95227922	0.911196990718362
173	ENSG00000216624	6	166477778	0.341859445901369
174	ENSG00000216901	6	28143965	0.336798166239973
175	ENSG00000216915	6	27704778	0.149064916340597
176	ENSG00000217159	6	26164299	0.134231406755985
177	ENSG00000217643	2	26045337	0.00434067514449877
178	ENSG00000217646	6	27831839	0.954998598654731
179	ENSG00000217824	6	148888513	0.0219671933114225
180	ENSG00000217862	6	27774852	0.903306137810476
181	ENSG00000218014	6	72294423	0.691398719117381
182	ENSG00000218281	6	26233349	0.165418091536965
183	ENSG00000218358	6	150319154	0.00735341981506579
184	ENSG00000218502	13	99867625	0.796261575069725
185	ENSG00000218582	6	80662721	0.120196052512735
186	ENSG00000218586	7	55001391	0.0370197364202007
187	ENSG00000219565	6	109103328	0.528057914856754
188	ENSG00000219642	6	129478667	0.0662231303692548
189	ENSG00000219682	6	25140211	0.346600424564094
190	ENSG00000219693	9	66544358	0.819863775235062
191	ENSG00000219930	23	135160002	0.0228267294614644
192	ENSG00000220154	6	79987821	0.0517699815919397
193	ENSG00000220563	6	86369609	0.0898478896982159
194	ENSG00000220695	6	100978151	0.512869729646709
195	ENSG00000220771	6	21602358	0.855044474293278
196	ENSG00000220924	4	113606210	0.00570839768480714
197	ENSG00000221299	23	134029783	0.945923077389419
198	ENSG00000221340	1	12629999	0.216458561891469
199	ENSG00000222022	2	238330062	1.94833569265208e-07
200	ENSG00000222032	2	238337562	5.00656411552997e-05
201	ENSG00000222057	3	121374321	0.50647875386155
202	ENSG00000222881	17	38547483	0.0271571573602387
203	ENSG00000223249	2	190618189	0.331896559884106
204	ENSG00000223254	1	85729978	0.538219477795714
205	ENSG00000223318	2	165752186	0.0887297001906912
206	ENSG00000223382	1	31297074	0.0672643125314824
207	ENSG00000223414	6	166322289	0.0232612300814213
208	ENSG00000223460	13	29880914	0.0145881932337839
209	ENSG00000223518	15	37090796	0.307066679776176
210	ENSG00000223537	6	109809108	0.000332748487916858
211	ENSG00000223576	13	20415966	0.866373966594701
212	ENSG00000223656	1	100163797	0.968102195366878
213	ENSG00000223723	23	36980268	0.543071448800302
214	ENSG00000223774	1	201862969	0.00423096402904385
215	ENSG00000223930	3	177919837	0.166307175945803
216	ENSG00000223974	7	64011875	0.71735623198955
217	ENSG00000224063	2	187867946	0.00223474349558905
218	ENSG00000224083	9	5096665	0.000176131563426292
219	ENSG00000224106	9	69477880	0.450207916844245
220	ENSG00000224126	17	18580573	0.423995173781966
221	ENSG00000224183	1	25620654	0.0496235229474007
222	ENSG00000224232	2	242417730	0.568205642095256
223	ENSG00000224238	1	119590027	0.202410261484936
224	ENSG00000224239	3	898806	0.702605411101538
225	ENSG00000224245	9	97258556	0.286225181808902
226	ENSG00000224295	11	5539670	0.162512824815289
227	ENSG00000224321	1	16119290	0.495914376995344
228	ENSG00000224367	18	56663965	0.0367861623975775
229	ENSG00000224413	21	47456965	0.0310922427071436
230	ENSG00000224419	13	90882637	0.805368285503102
231	ENSG00000224441	15	91475815	0.000162855226660354
232	ENSG00000224460	6	143267183	0.97016492474712
233	ENSG00000224473	10	30692125	0.712628194099017
234	ENSG00000224478	6	159528822	0.938102416407212
235	ENSG00000224479	3	63727968	0.00497045563270541
236	ENSG00000224513	11	3247290	0.0131402392534428
237	ENSG00000224592	1	38512985	0.262041170784568
238	ENSG00000224621	1	16485760	0.968871236866745
239	ENSG00000224635	20	37034657	0.597763097842043
240	ENSG00000224678	1	92580359	0.246248504575161
241	ENSG00000224713	12	58005900	0.207401844073553
242	ENSG00000224763	1	211833530	0.0113689701855117
243	ENSG00000224786	4	123651702	0.366140511863533
244	ENSG00000224796	6	33047227	4.81743563131568e-06
245	ENSG00000224829	11	77024650	0.367965152057657
246	ENSG00000224854	9	21967136	0.553402110819301
247	ENSG00000224891	2	37375672	0.053206100952953
248	ENSG00000224928	2	219818122	0.180711907708572
249	ENSG00000224936	6	30436658	0.317332825950325
250	ENSG00000224961	20	10733737	0.039485169125564
251	ENSG00000224965	1	110751455	0.00762481256819923
252	ENSG00000225007	22	19654545	0.477251153440446
253	ENSG00000225039	13	30993655	0.104462350578423
254	ENSG00000225062	2	219231387	0.174804735630758
255	ENSG00000225096	6	58291907	0.952023919757941
256	ENSG00000225279	1	160032277	0.458599002800926
257	ENSG00000225308	7	21259831	0.998109093408437
258	ENSG00000225342	12	40579810	0.0183852434623031
259	ENSG00000225355	10	37283950	0.624983275638404
260	ENSG00000225398	2	114299513	0.484974729219218
261	ENSG00000225399	3	49297517	0.212384908230593
262	ENSG00000225408	9	5719020	0.0120326119469433
263	ENSG00000225462	1	187532192	0.238376289484061
264	ENSG00000225472	9	14317083	0.000223924552590967
265	ENSG00000225531	9	109879109	0.000720273214734663
266	ENSG00000225544	22	22239620	0.650613844260076
267	ENSG00000225595	6	28827401	0.426217093453961
268	ENSG00000225670	1	159165774	0.0160444882360731
269	ENSG00000225698	14	107198931	2.92927647316846e-05
270	ENSG00000225704	1	171314227	0.00173332162745349
271	ENSG00000225706	9	8858129	0.0764244387368774
272	ENSG00000225731	21	44153703	0.110396791722633
273	ENSG00000225746	14	101403737	0.000458548258248909
274	ENSG00000225792	7	26411763	0.0987177043038932
275	ENSG00000225822	3	196158234	0.20959806431296
276	ENSG00000225849	20	45092540	0.737760830770425
277	ENSG00000225868	19	38314361	0.00184191127792369
278	ENSG00000225913	10	89367741	0.540765489400511
279	ENSG00000225936	10	118999110	0.0036532126671997
280	ENSG00000225938	1	101701238	0.00067843842113265
281	ENSG00000225945	6	37783552	0.559339735598161
282	ENSG00000226138	12	48478832	0.198967591946244
283	ENSG00000226148	1	202765157	0.617983535228879
284	ENSG00000226155	3	195638919	0.0268702259164456
285	ENSG00000226194	6	169770092	0.613997605231084
286	ENSG00000226197	9	13446489	0.981057367615428
287	ENSG00000226239	20	30615555	0.782804649271281
288	ENSG00000226247	2	75878413	0.302552948143902
289	ENSG00000226252	1	47691468	0.0438459935599827
290	ENSG00000226306	5	137136881	0.000723474764950643
291	ENSG00000226342	7	63369343	0.00344365902295569
292	ENSG00000226393	9	21321298	0.44865985892965
293	ENSG00000226409	6	125691356	0.501967238378877
294	ENSG00000226432	5	24170478	0.457708541776671
295	ENSG00000226440	6	112557293	0.0777296453854228
296	ENSG00000226468	7	32496574	1.32213799488349e-06
297	ENSG00000226491	2	43024364	0.0865012368350248
298	ENSG00000226530	23	51139362	0.561817965859062
299	ENSG00000226539	2	224569337	0.000349694688345231
300	ENSG00000226571	6	139592498	0.297394199273405
301	ENSG00000226581	7	63361200	0.0790709496930137
302	ENSG00000226738	22	50984843	0.0165050846226465
303	ENSG00000226786	6	19535174	0.201595091223051
304	ENSG00000226816	7	23245631	0.0314438503073448
305	ENSG00000226819	2	66653866	0.210084144540104
306	ENSG00000226851	7	111968243	0.328383942808529
307	ENSG00000226889	1	161735114	0.497675350375574
308	ENSG00000226900	10	134325129	0.990501026685517
309	ENSG00000226954	22	50111700	0.0977125354700213
310	ENSG00000226965	7	110072295	0.0128396771273071
311	ENSG00000226982	12	89893869	0.640332456491311
312	ENSG00000227060	23	133684002	0.0079504301408976
313	ENSG00000227070	1	51983980	0.112302996231557
314	ENSG00000227082	1	121138613	0.303264137708539
315	ENSG00000227107	2	238521619	0.995954109922047
316	ENSG00000227117	22	30404730	0.753037288062763
317	ENSG00000227135	1	247687980	0.554114271098022
318	ENSG00000227136	10	80027198	0.803957479446807
319	ENSG00000227141	1	179555839	0.342861726273553
320	ENSG00000227176	2	170933733	0.742712358011621
321	ENSG00000227220	6	132272085	0.376732142809882
322	ENSG00000227260	3	30566236	0.0127302489601771
323	ENSG00000227295	1	158145639	0.107451766450553
324	ENSG00000227374	10	131567107	0.0890014610935613
325	ENSG00000227379	20	25348910	0.692906969160615
326	ENSG00000227401	20	34176245	0.719570245558247
327	ENSG00000227404	7	38694804	0.165716796516789
328	ENSG00000227407	19	54941831	0.284373462549819
329	ENSG00000227438	21	47513177	0.00747083597196156
330	ENSG00000227440	3	172546525	8.02901322732979e-05
331	ENSG00000227449	9	46687461	0.535683978212439
332	ENSG00000227484	22	50753059	0.390987717290055
333	ENSG00000227544	7	35754643	0.000287763890281308
334	ENSG00000227582	9	66516696	0.282589557563221
335	ENSG00000227627	6	153304884	0.298135919771566
336	ENSG00000227692	2	187229324	0.415455641030595
337	ENSG00000227755	22	23788784	0.930449267282609
338	ENSG00000227777	1	168511974	0.738362896042894
339	ENSG00000227888	8	12219526	0.784138884856256
340	ENSG00000227910	7	63385164	0.129275758342567
341	ENSG00000227959	1	16481705	0.73683163206543
342	ENSG00000227972	10	54170894	0.0276137968276977
343	ENSG00000227999	21	45893605	0.591837443153115
344	ENSG00000228039	22	24305941	0.163554221040831
345	ENSG00000228063	1	219259943	0.0534157868156043
346	ENSG00000228118	17	69617118	0.802765568814431
347	ENSG00000228168	3	39376469	0.0358221412762879
348	ENSG00000228214	3	28616281	0.812260663495807
349	ENSG00000228307	9	36013180	0.937175076103882
350	ENSG00000228314	21	15215453	0.106086524614694
351	ENSG00000228330	10	13184184	0.462868344987707
352	ENSG00000228485	10	120968042	0.187417451569755
353	ENSG00000228499	2	236791005	0.147831621759402
354	ENSG00000228536	1	219583022	0.80404585578022
355	ENSG00000228541	2	62690261	0.21184841933543
356	ENSG00000228549	1	17197439	0.670642656251704
357	ENSG00000228569	7	156225216	0.00372486470962748
358	ENSG00000228629	19	37019219	0.845803838315035
359	ENSG00000228643	2	286418	0.463642688990561
360	ENSG00000228666	6	28936906	0.590019976771212
361	ENSG00000228692	6	164007614	0.643408132066542
362	ENSG00000228695	16	55794459	0.263890547785734
363	ENSG00000228709	21	45905459	0.145724361710332
364	ENSG00000228718	6	2637169	0.000678389498403159
365	ENSG00000228753	10	21317927	0.895149763029527
366	ENSG00000228767	3	35257196	0.394285500193046
367	ENSG00000228791	3	24535577	0.482910969925032
368	ENSG00000228793	6	3594480	0.918084351100788
369	ENSG00000228802	2	224830417	0.577797871278441
370	ENSG00000228962	6	32358286	0.0804749461433591
371	ENSG00000228983	17	19483255	0.000172985725525747
372	ENSG00000229017	6	143287557	0.646053296483923
373	ENSG00000229029	9	14593574	0.82247014353889
374	ENSG00000229081	10	134334330	0.0745197792639844
375	ENSG00000229108	7	15728002	0.0929956688377437
376	ENSG00000229116	10	44787705	0.90418683056037
377	ENSG00000229151	23	51099795	0.966719831713296
378	ENSG00000229178	3	195382435	0.347460498820706
379	ENSG00000229207	9	34318404	0.265469897417096
380	ENSG00000229230	20	33805811	0.905279176737856
381	ENSG00000229321	2	207731518	0.253558884250682
382	ENSG00000229481	19	38320190	0.000399180802115556
383	ENSG00000229484	1	12587765	0.00655524730505017
384	ENSG00000229498	2	86042252	0.00224087014696727
385	ENSG00000229519	1	6607964	0.0371339858850002
386	ENSG00000229536	2	130626765	0.326678621631129
387	ENSG00000229570	1	120038458	0.128945823627905
388	ENSG00000229585	4	54852753	0.104141453867782
389	ENSG00000229588	1	166304120	0.0034503030160032
390	ENSG00000229590	17	56234388	0.0103788481897757
391	ENSG00000229601	23	70633683	0.354491891166074
392	ENSG00000229715	13	32420977	0.853215472267032
393	ENSG00000229750	2	176032631	0.75925922487897
394	ENSG00000229757	1	168547890	0.504208812650089
395	ENSG00000229782	17	4400688	0.711092870050322
396	ENSG00000229800	13	33051410	0.690117154456088
397	ENSG00000229894	4	166198943	0.905903770239484
398	ENSG00000229927	10	46914150	0.0461684476872323
399	ENSG00000229970	7	8301893	0.00306740579049998
400	ENSG00000230018	10	115242374	0.216451217789137
401	ENSG00000230024	1	219608493	0.112277430146518
402	ENSG00000230061	21	45834472	0.965075599796229
403	ENSG00000230138	1	53832339	0.378891066772049
404	ENSG00000230140	2	101589109	0.203001328349043
405	ENSG00000230147	9	93931866	0.465266522873597
406	ENSG00000230267	16	32114565	0.73513257997074
407	ENSG00000230303	9	88400636	0.59972566915212
408	ENSG00000230360	9	84701069	0.238427550408969
409	ENSG00000230387	20	23168764	0.0627422308284976
410	ENSG00000230393	2	100721380	0.226744375674233
411	ENSG00000230435	7	11446581	0.0285178810823087
412	ENSG00000230478	23	86680585	0.691801311838577
413	ENSG00000230490	13	33929342	0.0818885682789496
414	ENSG00000230495	20	17579899	0.20514525628659
415	ENSG00000230528	17	20339649	0.27339045780951
416	ENSG00000230530	3	45720534	0.00165068333640061
417	ENSG00000230533	6	137994596	0.826293349660994
418	ENSG00000230534	10	35386933	0.723979849539589
419	ENSG00000230584	13	79483053	0.0434909790103389
420	ENSG00000230587	2	43324883	0.0538917858545027
421	ENSG00000230606	2	98081082	0.0113118526005607
422	ENSG00000230613	20	30155509	0.769275143289425
423	ENSG00000230641	13	27746395	0.538466288469427
424	ENSG00000230646	2	131185303	0.518512094815016
425	ENSG00000230697	3	20049343	0.226835117933349
426	ENSG00000230712	22	24644041	0.518489271599607
427	ENSG00000230728	1	55087149	0.379728151046121
428	ENSG00000230735	1	90095283	0.00468169515597165
429	ENSG00000230756	2	130970442	0.445634427138125
430	ENSG00000230773	2	48168834	0.636654297187798
431	ENSG00000230838	2	216582765	6.91522153224815e-11
432	ENSG00000230839	20	1784661	0.074803943021266
433	ENSG00000230849	1	173110238	0.568173382335475
434	ENSG00000230927	7	92042289	0.903019282084704
435	ENSG00000230970	3	42744144	0.00345603940789341
436	ENSG00000230987	1	189958699	0.000890790079937805
437	ENSG00000231007	9	89626566	0.00540594350866851
438	ENSG00000231024	2	69927323	0.0235711522115768
439	ENSG00000231066	23	14852597	0.12351178696156
440	ENSG00000231086	22	19112391	0.0408819303349803
441	ENSG00000231104	10	119776997	0.866505351621718
442	ENSG00000231121	12	77718420	0.023146349546282
443	ENSG00000231170	7	95225993	0.00071603493753829
444	ENSG00000231196	1	147762995	0.0118929419408689
445	ENSG00000231246	1	112719855	0.729668187665026
446	ENSG00000231258	17	20487070	0.330320064338648
447	ENSG00000231271	22	24292104	0.295174086586831
448	ENSG00000231310	3	176762648	0.0271558228275999
449	ENSG00000231367	2	38633869	0.228587291111115
450	ENSG00000231426	6	140175986	0.0116635848503404
451	ENSG00000231431	2	132046325	0.0123253282298957
452	ENSG00000231445	2	162933866	0.305267599889203
453	ENSG00000231459	9	27245681	0.126562348677496
454	ENSG00000231465	9	125233636	0.208526467357855
455	ENSG00000231485	1	65532309	0.0183872657515197
456	ENSG00000231518	9	35930008	0.00676390059292054
457	ENSG00000231680	11	64161813	0.0175072294143491
458	ENSG00000231691	1	204246132	0.371137250699002
459	ENSG00000231702	1	943455	0.352447250592428
460	ENSG00000231705	10	134232586	0.82924810272643
461	ENSG00000231715	20	49096303	0.769851639318044
462	ENSG00000231769	6	46064829	0.0589818597728094
463	ENSG00000231829	10	96901681	0.598022202924557
464	ENSG00000231830	23	153562309	0.0391538387341484
465	ENSG00000231865	11	116756761	0.077661225933334
466	ENSG00000231868	1	6503093	0.575974623223312
467	ENSG00000231881	6	44041649	0.00254926401300209
468	ENSG00000231967	9	5356311	5.96010803477703e-05
469	ENSG00000232046	2	66801161	0.534490777362913
470	ENSG00000232053	7	135777672	0.076545614592576
471	ENSG00000232054	23	123414379	0.504832974737662
472	ENSG00000232075	10	65394076	0.141107746510048
473	ENSG00000232093	1	155017666	0.14889155757609
474	ENSG00000232110	10	91043521	0.620989394319131
475	ENSG00000232202	2	43053461	0.939916976766781
476	ENSG00000232311	6	110147724	0.00549598575647312
477	ENSG00000232344	17	17913956	0.0527946155917523
478	ENSG00000232415	7	73473905	0.0140227569076803
479	ENSG00000232460	11	121232558	0.483654045238821
480	ENSG00000232491	7	66021202	0.0840215647183497
481	ENSG00000232517	5	54104037	0.593439555531936
482	ENSG00000232578	5	93928472	0.000220474700994762
483	ENSG00000232633	5	112658724	0.126149833335075
484	ENSG00000232642	2	24388752	0.560854759783925
485	ENSG00000232679	1	222215046	2.73388430845199e-08
486	ENSG00000232680	19	35923858	0.00277327178764721
487	ENSG00000232706	10	52436502	0.0426245050805915
488	ENSG00000232724	17	73070400	0.0393268533985784
489	ENSG00000232775	22	16157078	0.000229393739794678
490	ENSG00000232780	1	119977078	0.289091775564972
491	ENSG00000232862	1	36545666	0.088370825779491
492	ENSG00000232876	6	135376170	0.0271314068875677
493	ENSG00000232949	7	22629323	0.0996918866717714
494	ENSG00000233090	17	15696175	0.233280241136426
495	ENSG00000233117	10	4243332	0.000188842450807431
496	ENSG00000233121	3	13968309	0.267706726478516
497	ENSG00000233158	2	95578176	0.272389753780221
498	ENSG00000233170	8	37604853	0.184884598490115
499	ENSG00000233190	10	32520776	0.947924431247124
500	ENSG00000233214	19	35914963	0.124213354612531
501	ENSG00000233221	2	131588550	0.046199473567824
502	ENSG00000233237	6	72054046	0.534782407916062
503	ENSG00000233334	10	126392193	0.00818186200873929
504	ENSG00000233370	2	110941630	0.836703372460627
505	ENSG00000233388	22	35897907	0.649540840287708
506	ENSG00000233416	2	20806039	0.641712326392851
507	ENSG00000233421	1	16860380	0.985636144325611
508	ENSG00000233514	1	44587824	0.521154735845814
509	ENSG00000233529	6	30913755	0.435565891342714
510	ENSG00000233532	13	107028910	9.94469083616178e-10
511	ENSG00000233542	1	1944651	0.00128330147160607
512	ENSG00000233589	1	68944811	0.00027743795482083
513	ENSG00000233623	1	10118728	0.221903770836418
514	ENSG00000233626	1	212109590	0.65868640635776
515	ENSG00000233708	1	43352267	0.653986624132418
516	ENSG00000233723	2	58654933	0.478669678280557
517	ENSG00000233766	2	192711264	0.556403397775167
518	ENSG00000233817	9	116381507	0.321118088021809
519	ENSG00000233818	21	37818028	9.85491475339041e-07
520	ENSG00000233836	19	23945745	0.759713707735194
521	ENSG00000233858	8	49502960	0.00521588694490645
522	ENSG00000233916	6	29675901	0.33831630637584
523	ENSG00000233929	1	16567707	0.03944587135898
524	ENSG00000233942	7	95101146	0.0137097452732485
525	ENSG00000233956	21	34890916	0.126748407828951
526	ENSG00000233966	17	15607545	0.00157278727103836
527	ENSG00000234026	10	96987999	0.0281974742769871
528	ENSG00000234080	1	50791802	0.504140659949113
529	ENSG00000234091	10	13771382	0.109457258292454
530	ENSG00000234141	7	7989483	0.0633259695805057
531	ENSG00000234206	6	107831006	0.875453323207602
532	ENSG00000234219	1	207935928	0.974364761774549
533	ENSG00000234235	2	242483817	0.667083102460966
534	ENSG00000234281	2	211189482	0.903577300693319
535	ENSG00000234292	5	90575913	0.853481117419713
536	ENSG00000234336	7	28219940	0.411854363333198
537	ENSG00000234405	23	102752450	0.0677902173131519
538	ENSG00000234459	7	89895347	0.556905327118436
539	ENSG00000234504	10	45395061	0.00480113778248961
540	ENSG00000234515	6	32846947	0.777207395881651
541	ENSG00000234535	13	34185103	0.458799425792375
542	ENSG00000234617	3	43391135	0.186172629793758
543	ENSG00000234667	3	49910779	0.664145358223658
544	ENSG00000234699	10	105212602	0.589563756556981
545	ENSG00000234770	8	27417790	0.0036699012737749
546	ENSG00000234806	10	70184316	0.202943236808695
547	ENSG00000234807	1	59250822	0.262905273293589
548	ENSG00000234810	1	56046709	0.641327139842187
549	ENSG00000234998	1	120906608	0.124086575405312
550	ENSG00000235020	10	18523096	0.0892303360579151
551	ENSG00000235071	23	16492464	0.00125884443061873
552	ENSG00000235079	1	71514537	0.00629241401588941
553	ENSG00000235090	7	75552072	0.0531707753205397
554	ENSG00000235105	1	48901638	0.124139245930014
555	ENSG00000235151	2	242786531	0.897604029803948
556	ENSG00000235172	5	169758432	0.0722052373896136
557	ENSG00000235213	14	23171351	0.0398787740935699
558	ENSG00000235288	3	42846695	0.972656169035924
559	ENSG00000235366	13	46255224	0.0108066135951811
560	ENSG00000235385	23	13284166	0.0199808597310016
561	ENSG00000235413	4	17913296	0.464133075754409
562	ENSG00000235436	7	89748713	0.0059192571283789
563	ENSG00000235438	13	21834153	0.103734490957918
564	ENSG00000235482	3	37789600	0.0743375698967779
565	ENSG00000235489	10	65928714	0.323273021808313
566	ENSG00000235500	13	19466399	0.425107912853075
567	ENSG00000235574	7	27531300	0.0298654382421228
568	ENSG00000235586	2	38828739	0.0255204189358243
569	ENSG00000235641	9	93921854	0.0109669328796366
570	ENSG00000235688	2	945319	0.719080790179684
571	ENSG00000235721	2	110765251	0.000192607969313858
572	ENSG00000235748	1	197107877	7.1828835981365e-06
573	ENSG00000235781	6	30484042	0.32461367994301
574	ENSG00000235806	23	38629583	0.238758858846244
575	ENSG00000235830	3	9298442	0.00200265881209343
576	ENSG00000235890	21	45926689	0.171776079594403
577	ENSG00000235902	4	186587038	0.277173065229363
578	ENSG00000235904	3	29305684	0.428546221420404
579	ENSG00000235939	10	50627322	0.0112988743958636
580	ENSG00000235997	2	30569524	0.890770382718739
581	ENSG00000236114	10	44018703	0.00639758443913578
582	ENSG00000236132	22	32212364	0.805901408432118
583	ENSG00000236153	2	181844153	0.887215068579618
584	ENSG00000236155	1	26536231	0.000358362000883454
585	ENSG00000236165	3	37017806	0.0941221216842713
586	ENSG00000236166	6	132406223	0.198561097002758
587	ENSG00000236319	17	53604324	0.326406686249408
588	ENSG00000236333	12	72647287	0.581609460344269
589	ENSG00000236348	2	17566357	0.0300420371097048
590	ENSG00000236360	1	53458867	0.945018361379063
591	ENSG00000236394	9	139947225	0.293105969194832
592	ENSG00000236411	3	37831411	0.286174336824737
593	ENSG00000236434	1	51730587	0.854881499250751
594	ENSG00000236471	21	16439390	0.0306447282427896
595	ENSG00000236481	16	26596075	0.0388626735068162
596	ENSG00000236510	7	3682446	0.176754589495795
597	ENSG00000236583	8	100245275	0.0043408030553941
598	ENSG00000236592	7	35208835	0.215280974605523
599	ENSG00000236683	23	26766145	3.33237277086754e-05
600	ENSG00000236708	7	3303663	0.0502057034882941
601	ENSG00000236710	11	3105622	0.89645383649187
602	ENSG00000236732	3	32192574	0.00325245186291384
603	ENSG00000236797	10	77142150	0.10894519442708
604	ENSG00000236882	5	95187935	0.0731205737020502
605	ENSG00000236993	10	57427100	0.543777935939855
606	ENSG00000236998	9	71403222	0.424481521078264
607	ENSG00000237064	7	109599274	0.958335252201835
608	ENSG00000237135	10	31207940	0.623892166688394
609	ENSG00000237154	6	27375475	0.533441360306979
610	ENSG00000237233	10	63212396	0.218098034883008
611	ENSG00000237234	6	112475966	0.0539936167051326
612	ENSG00000237259	20	18294408	0.331725845043587
613	ENSG00000237260	2	177203364	0.657676981003022
614	ENSG00000237307	23	136058575	0.112996914770929
615	ENSG00000237352	1	59522314	0.506641222112033
616	ENSG00000237398	6	33098992	0.0139007983077302
617	ENSG00000237438	22	17517459	0.0274744675862387
618	ENSG00000237510	2	96455401	0.564827284894004
619	ENSG00000237513	7	104581509	0.0161250919441602
620	ENSG00000237520	1	235092977	0.93550503163017
621	ENSG00000237529	9	85891290	0.681647055303523
622	ENSG00000237588	1	156657486	0.00487320405916737
623	ENSG00000237624	1	39980627	0.771608042023937
624	ENSG00000237632	7	102902446	0.86713381462378
625	ENSG00000237637	13	32599450	0.0681701407824231
626	ENSG00000237647	8	687650	0.00219086790787688
627	ENSG00000237742	6	125899703	2.23158338292952e-07
628	ENSG00000237766	12	67659621	0.99911100412284
629	ENSG00000237775	6	30834758	0.116350749244014
630	ENSG00000237813	7	115878313	0.000158231187241332
631	ENSG00000237887	2	54756479	0.964266470794861
632	ENSG00000237943	10	6622380	0.0400106500503424
633	ENSG00000237949	10	60759385	0.0802850060574979
634	ENSG00000237978	3	178244292	0.0500271372427383
635	ENSG00000238086	13	48890998	0.0567394556938605
636	ENSG00000238107	1	147767286	0.103006754809355
637	ENSG00000238171	2	181940777	0.232642476982547
638	ENSG00000238246	10	20359733	0.203087055574004
639	ENSG00000238290	1	8086797	0.607543672967702
640	ENSG00000238406	9	131306194	0.00102538351019803
641	ENSG00000238829	2	202006626	0.959649175089557
642	ENSG00000238934	1	161110997	0.603568345475637
643	ENSG00000239317	5	145518333	0.0718562808849185
644	ENSG00000239405	3	128256862	0.122579481712144
645	ENSG00000239413	12	101818218	0.541352724375399
646	ENSG00000239532	4	37822982	0.663964611721366
647	ENSG00000239593	9	124042140	0.0643020863213134
648	ENSG00000239602	5	145517317	0.38562415970379
649	ENSG00000239801	3	57614536	0.0296501369490244
650	ENSG00000239804	3	125506730	0.152841922519838
651	ENSG00000239828	3	106991476	0.445251639706138
652	ENSG00000239959	3	75495919	0.745006591002165
653	ENSG00000240106	19	16650498	0.53972681008903
654	ENSG00000240240	9	42410362	0.00868497666726563
655	ENSG00000240338	16	75259971	0.501581385946713
656	ENSG00000240366	15	75478991	0.0880735808897303
657	ENSG00000240441	12	108113375	0.111030638977824
658	ENSG00000240602	3	151488215	0.27972599971387
659	ENSG00000240625	6	43003935	0.0311641848049316
660	ENSG00000240710	1	204572162	0.0699818589163605
661	ENSG00000240808	11	17159522	0.0156606991581462
662	ENSG00000240929	1	149369721	0.279708149519238
663	ENSG00000241218	3	107046676	0.287275250248335
664	ENSG00000241307	3	155478405	0.742107695296558
665	ENSG00000241418	23	130929684	0.00012326488186861
666	ENSG00000241684	3	64670584	0.320816004794802
667	ENSG00000241720	1	110268441	0.561095607699483
668	ENSG00000241765	12	69816435	0.238031340042121
669	ENSG00000241782	11	77579767	0.0664507462019261
670	ENSG00000241985	3	149366783	0.779172476012202
671	ENSG00000242052	3	119354372	0.000358406837294034
672	ENSG00000242078	7	129423209	0.915295078537743
673	ENSG00000242104	3	141382040	0.751045288705065
674	ENSG00000242199	3	124452264	0.0205449511427028
675	ENSG00000242288	10	75434052	0.365925460391341
676	ENSG00000242353	11	30389694	0.00776836257395828
677	ENSG00000242405	12	12308195	0.949915032324138
678	ENSG00000242607	8	12427858	0.211850955909348
679	ENSG00000242611	7	77037	0.374997604757712
680	ENSG00000242634	15	67524783	0.904785419456734
681	ENSG00000242696	2	203221843	0.00821186688357686
682	ENSG00000242941	14	69159806	0.818575133625999
683	ENSG00000243064	21	15646412	0.275523908156292
684	ENSG00000243384	3	58558470	0.115666479505916
685	ENSG00000243422	3	75673836	0.596817818850689
686	ENSG00000243504	8	98877281	0.273149013825354
687	ENSG00000243514	17	70623369	0.108428003627142
688	ENSG00000243609	16	48611434	0.660674311817541
689	ENSG00000243642	19	58581337	0.0265138852673111
690	ENSG00000243659	1	27637730	0.335166074407225
691	ENSG00000243738	9	123965436	0.432306267183294
692	ENSG00000243742	11	61382507	5.58175773442258e-10
693	ENSG00000243854	12	19456413	0.869067999960294
694	ENSG00000244019	5	76841221	0.528921130194377
695	ENSG00000244124	3	141637093	0.556773576368404
696	ENSG00000244176	11	61779222	0.364438731341049
697	ENSG00000244196	3	109190175	0.183072280633176
698	ENSG00000244381	3	169427082	0.940433559484608
699	ENSG00000244433	1	95138473	0.780844433536496
700	ENSG00000244468	3	149002568	0.0313014060391785
701	ENSG00000244527	18	18699142	0.463458639889223
702	ENSG00000244564	3	64430906	0.179497548701795
703	ENSG00000244593	8	18240783	0.37305607685085
704	ENSG00000244699	3	75433209	0.0436748447841915
705	ENSG00000244753	17	10763851	0.00622917099227807
706	ENSG00000244756	14	61038741	0.627286625711249
707	ENSG00000244953	11	43965336	0.997612577655435
708	ENSG00000245025	8	22842108	0.012045275025155
709	ENSG00000245330	8	120879658	0.032242893337361
710	ENSG00000245869	11	118756549	0.0405448747860029
711	ENSG00000246448	4	144621409	0.537053577259886
712	ENSG00000247925	6	11173684	0.0683130054709872
713	ENSG00000247970	14	100070892	0.353612345289889
714	ENSG00000248113	4	83501269	0.243800237134555
715	ENSG00000248115	4	53811815	0.811743525575788
716	ENSG00000248180	4	88128243	0.450193904798747
717	ENSG00000248196	4	88087995	0.355816758091568
718	ENSG00000248235	8	22446786	0.460717765582868
719	ENSG00000248362	5	147265648	2.07568584664743e-06
720	ENSG00000248459	3	129717373	0.248359055786803
721	ENSG00000248468	3	131236674	0.412256221503264
722	ENSG00000248491	4	128018252	0.819017307347781
723	ENSG00000248576	12	54556922	0.202026496180044
724	ENSG00000248587	5	37840539	0.904551445965876
725	ENSG00000248626	5	159377499	0.768188290725426
726	ENSG00000248632	4	165889738	0.407769621221452
727	ENSG00000248693	5	18704541	0.0404944920894188
728	ENSG00000248698	4	14113591	0.0846557080310873
729	ENSG00000248774	4	174243356	0.134445170715896
730	ENSG00000248810	4	142240603	0.1294769501023
731	ENSG00000248830	19	35033366	0.435796796733109
732	ENSG00000248873	5	42465501	0.147011498854367
733	ENSG00000248884	5	67726253	0.149022479230895
734	ENSG00000248896	8	10586823	0.641730586463181
735	ENSG00000248925	5	269972	0.0608904873734977
736	ENSG00000248968	5	10248436	0.155764300854635
737	ENSG00000248994	5	1933976	0.00274752965605209
738	ENSG00000249001	4	88489186	0.00012355969483022
739	ENSG00000249013	4	156927629	0.141191493325665
740	ENSG00000249072	4	78929665	0.721995393990132
741	ENSG00000249085	5	72090231	0.32909457875178
742	ENSG00000249159	5	8387750	0.0797532532693002
743	ENSG00000249210	19	47061897	0.690938837552714
744	ENSG00000249245	4	146545310	0.0577630933844327
745	ENSG00000249258	8	16988689	0.477146345472571
746	ENSG00000249274	3	98501031	0.293360259036542
747	ENSG00000249293	5	73073863	0.362389606087068
748	ENSG00000249304	4	114864411	0.134170140459855
749	ENSG00000249609	4	169750069	0.698920618808595
750	ENSG00000249624	21	34619078	0.199274884197455
751	ENSG00000249650	5	602734	0.314584829618708
752	ENSG00000249661	4	141562993	0.853044472337098
753	ENSG00000249669	5	148786251	0.423795954804206
754	ENSG00000249706	4	54766037	0.397832284931702
755	ENSG00000249721	5	66988639	0.391243582090999
756	ENSG00000249741	4	144832666	0.839415534461335
757	ENSG00000249755	4	89448310	0.729814661747699
758	ENSG00000249767	4	9080748	0.271294661849391
759	ENSG00000249776	5	91745962	0.719609427556056
760	ENSG00000249790	12	8940852	0.433522090556986
761	ENSG00000249797	5	117260702	0.0407028025216921
762	ENSG00000249834	5	147686860	0.219888307763715
763	ENSG00000249856	5	74213550	0.090655212138491
764	ENSG00000249859	8	128902873	2.40740806157297e-05
765	ENSG00000249908	5	767511	0.0138680582887987
766	ENSG00000249916	5	121705456	0.569801747244985
767	ENSG00000249978	7	38374641	0.295493767119214
768	ENSG00000250012	3	125803062	0.00628110251435001
769	ENSG00000250015	5	115638050	0.72784547844263
770	ENSG00000250030	4	68311984	0.48734818346302
771	ENSG00000250081	5	64782270	0.0834044333324465
772	ENSG00000250155	5	36666315	0.357108102570337
773	ENSG00000250234	5	34656516	0.219253968751128
774	ENSG00000250240	5	95036952	0.0161313587037788
775	ENSG00000250266	4	171195069	0.052533975570533
776	ENSG00000250282	17	48178067	0.130621914386624
777	ENSG00000250290	8	121647797	0.000244290460588084
778	ENSG00000250327	4	187079049	0.9367784815293
779	ENSG00000250343	5	146559766	0.646632554423057
780	ENSG00000250413	4	10008105	0.0930693462278125
781	ENSG00000250420	5	178191861	0.172893846755619
782	ENSG00000250424	7	30893009	0.567384092103675
783	ENSG00000250444	5	114847773	0.0276344370606566
784	ENSG00000250470	22	24319094	0.0325140750816732
785	ENSG00000250471	4	8176147	0.134682512069092
786	ENSG00000250596	4	175444851	0.0713252940243704
787	ENSG00000250629	5	38783681	0.301819876474709
788	ENSG00000250643	3	129672947	0.911950043840984
789	ENSG00000250651	4	103817881	0.0147415541821455
790	ENSG00000250654	12	54470621	0.159977821312852
791	ENSG00000250669	5	66985860	0.781339330276583
792	ENSG00000250697	5	33023160	0.00310658739508141
793	ENSG00000250794	8	12278540	0.925059701339451
794	ENSG00000250878	13	103532448	0.00446554176194944
795	ENSG00000250934	3	125985638	0.927033464937454
796	ENSG00000250956	5	126515447	0.669950664611149
797	ENSG00000250982	16	28251013	0.555365500022628
798	ENSG00000250986	4	3760474	0.250895506594544
799	ENSG00000251066	5	84845226	0.280944704803844
800	ENSG00000251087	4	9705373	0.395922056752177
801	ENSG00000251187	5	111527882	0.0742926559678557
802	ENSG00000251189	5	38682171	0.305285979442335
803	ENSG00000251235	5	75672499	0.858515926621711
804	ENSG00000251320	5	147266674	6.98216946698591e-09
805	ENSG00000251332	4	37997114	0.373862135798046
806	ENSG00000251363	14	41424102	0.469502417445371
807	ENSG00000251374	5	81560975	0.00409507185891986
808	ENSG00000251402	8	12272588	0.510638264367896
809	ENSG00000251409	5	95171646	0.0283984805065502
810	ENSG00000251463	4	119114559	0.790959480243157
811	ENSG00000251468	8	12815895	0.524974202334359
812	ENSG00000251535	4	330046	0.14871525808544
813	ENSG00000251584	4	175457790	0.184704944147797
814	ENSG00000251637	11	67653947	1.92351085564254e-07
815	ENSG00000251682	5	60642952	0.698089633180588
816	ENSG00000251687	4	146754269	0.688673300508467
817	ENSG00000251819	15	101092024	0.193973498690458
818	ENSG00000252061	15	79191181	0.395554542706137
819	ENSG00000252464	5	178046728	0.435055571353054
820	ENSG00000252498	6	76353799	0.904150253742191
821	ENSG00000252503	4	139976628	0.569002071345224
822	ENSG00000252950	21	33935384	0.0995303328874583
823	ENSG00000253123	8	37188189	0.983061001426287
824	ENSG00000253133	8	41391673	0.060165406761168
825	ENSG00000253161	8	37308280	0.000105810663410826
826	ENSG00000253163	5	178804531	0.00666632108196048
827	ENSG00000253177	8	93681063	0.050377791482988
828	ENSG00000253190	8	67024901	0.829577098122243
829	ENSG00000253194	6	119255949	0.150378801695949
830	ENSG00000253295	5	172185228	0.871905682765878
831	ENSG00000253348	5	170174050	0.579112016829595
832	ENSG00000253384	8	17946077	0.0235724420879139
833	ENSG00000253390	8	23316113	0.970020377103665
834	ENSG00000253399	4	1352266	0.0614016563848597
835	ENSG00000253475	8	52808516	0.93384846596812
836	ENSG00000253483	8	23340528	0.676841779930713
837	ENSG00000253541	8	57389384	0.297149876167768
838	ENSG00000253616	8	22928889	0.493005323809646
839	ENSG00000253636	8	73964412	0.930001048288226
840	ENSG00000253688	8	49464574	0.748111008950241
841	ENSG00000253736	5	172189982	0.467364649360453
842	ENSG00000253771	13	25498814	0.802302355508501
843	ENSG00000253829	8	38702383	0.0209275519407845
844	ENSG00000253853	8	2584857	0.989339144292495
845	ENSG00000253893	8	8025340	0.25333273504921
846	ENSG00000253923	8	103430206	0.00552511272651433
847	ENSG00000253931	8	144494918	0.00221441140172265
848	ENSG00000253944	8	17658853	0.169806472896754
849	ENSG00000253983	8	75111630	0.0258656567647106
850	ENSG00000254006	8	65713792	0.0363779361423198
851	ENSG00000254017	9	5113548	0.747098786415229
852	ENSG00000254042	5	168133571	0.140982194032563
853	ENSG00000254057	8	94846681	0.0395701663216724
854	ENSG00000254132	5	93904633	3.15441873274043e-05
855	ENSG00000254143	8	40018976	0.369760912339541
856	ENSG00000254153	8	8314418	0.0920707080647349
857	ENSG00000254192	5	168081517	0.389420921283159
858	ENSG00000254204	8	54427729	0.690818516903254
859	ENSG00000254208	8	86089756	0.22821530334002
860	ENSG00000254211	5	173213792	0.108110066583529
861	ENSG00000254274	8	54985673	0.145915974241057
862	ENSG00000254281	8	103991012	0.144437499996896
863	ENSG00000254288	8	74964574	0.105798169885687
864	ENSG00000254337	8	69760976	5.03875675551195e-06
865	ENSG00000254348	8	48100927	0.236134539041217
866	ENSG00000254362	8	26298006	0.443408646953286
867	ENSG00000254414	15	85175128	0.0591512479824548
868	ENSG00000254417	11	69918539	0.00951577808224056
869	ENSG00000254418	11	14284391	0.215447681213089
870	ENSG00000254420	11	78035803	0.399283814329787
871	ENSG00000254427	11	45376921	0.180113672835398
872	ENSG00000254429	11	74971170	0.200254725153149
873	ENSG00000254506	11	101455025	0.425977697318764
874	ENSG00000254510	11	66176628	0.379721920558686
875	ENSG00000254527	8	12063267	0.330816225641195
876	ENSG00000254528	11	117704433	0.284606659538711
877	ENSG00000254533	8	145923998	0.019391270588737
878	ENSG00000254545	1	32254730	0.000306793608549552
879	ENSG00000254561	11	119479134	0.350367333390133
880	ENSG00000254602	11	57405496	0.241040870107519
881	ENSG00000254667	11	123301057	0.899608869300098
882	ENSG00000254706	1	162335196	0.733382476277323
883	ENSG00000254810	11	76365212	0.0271096623299837
884	ENSG00000254847	11	12559629	0.135408908921378
885	ENSG00000254859	8	144624142	0.286178704247721
886	ENSG00000254905	11	126162816	0.0230170422679478
887	ENSG00000254912	15	32786203	0.162128985262289
888	ENSG00000254944	11	122831034	0.429051106181306
889	ENSG00000254948	8	11777408	0.128581071881251
890	ENSG00000254965	11	82822101	0.00328267172898486
891	ENSG00000254966	11	18728083	0.0517588696670235
892	ENSG00000254967	11	125820010	0.109434386475244
893	ENSG00000254981	8	38258053	0.593033773119145
894	ENSG00000255000	8	146273245	0.599679150953376
895	ENSG00000255046	8	11655436	0.0705452422007689
896	ENSG00000255050	8	144655659	0.173524629235274
897	ENSG00000255052	8	11973290	0.0088864148255334
898	ENSG00000255085	8	145925737	0.478468480619157
899	ENSG00000255090	11	122026129	0.00112426527450723
900	ENSG00000255122	8	12437795	6.76888482565702e-05
901	ENSG00000255222	11	86005801	0.00860536157729585
902	ENSG00000255234	11	82997170	0.470041976206276
903	ENSG00000255310	8	10965297	0.0786688780886349
904	ENSG00000255328	11	327170	0.00119451673164272
905	ENSG00000255343	8	144915439	0.180960604814183
906	ENSG00000255345	11	78803892	5.63488893616329e-06
907	ENSG00000255353	11	107047011	0.140117664245054
908	ENSG00000255362	11	75921999	0.944068894504347
909	ENSG00000255363	11	76339139	0.299050532745286
910	ENSG00000255382	11	82502703	0.294639315004228
911	ENSG00000255389	6	111921077	0.0103544697836288
912	ENSG00000255418	11	23186732	0.764334141696251
913	ENSG00000255421	11	75848358	0.812518039557286
914	ENSG00000255465	11	128485761	0.34615762446148
915	ENSG00000255478	11	65134908	0.796981940468562
916	ENSG00000255479	11	76336505	0.0379329863163995
917	ENSG00000255495	8	12051975	0.0153927279549493
918	ENSG00000255504	11	101018880	0.128459497587071
919	ENSG00000255606	11	69253132	0.966177892811911
920	ENSG00000255621	12	13153384	0.00388914764721863
921	ENSG00000255624	10	124639245	0.0734553569814654
922	ENSG00000255642	12	64215800	0.394518446302717
923	ENSG00000255652	12	34343971	0.00202959699370536
924	ENSG00000255655	12	109883214	0.174953941286512
925	ENSG00000255725	12	25956136	0.816669166289315
926	ENSG00000255819	12	10524951	2.0469959125743e-06
927	ENSG00000255839	12	124192148	0.250397419557331
928	ENSG00000255843	11	72013182	0.102836897623334
929	ENSG00000255864	12	24366189	0.100752426095194
930	ENSG00000255872	9	37588409	0.0966768301505697
931	ENSG00000255909	12	19566086	0.428550336100999
932	ENSG00000255921	12	25102096	0.000928570411877455
933	ENSG00000255966	12	6641455	0.00630981577575444
934	ENSG00000255967	12	8786962	0.313733254274733
935	ENSG00000255986	16	56669650	0.853931576309412
936	ENSG00000256001	12	127629616	0.196007858663166
937	ENSG00000256037	12	67745215	0.00668792729227938
938	ENSG00000256069	12	9381128	0.00198017770077652
939	ENSG00000256139	12	109549022	0.591999029293171
940	ENSG00000256407	1	54609064	0.0843071007570273
941	ENSG00000256427	12	9399092	0.00072169064023317
942	ENSG00000256552	12	8472976	0.258011519848004
943	ENSG00000256609	12	119619852	0.261063789844939
944	ENSG00000256612	19	41430123	0.358562444214414
945	ENSG00000256632	12	133264634	0.478933843705071
946	ENSG00000256663	12	20704523	0.0447330559914501
947	ENSG00000256705	14	102299771	0.0342710364158847
948	ENSG00000256720	12	9287679	0.127434118202178
949	ENSG00000256955	12	132341964	1.15115221203929e-05
950	ENSG00000257002	11	62677017	0.178487363371418
951	ENSG00000257043	11	18686596	0.0701313269459388
952	ENSG00000257086	11	64014410	7.45792341419164e-05
953	ENSG00000257121	12	95494306	0.948657205123623
954	ENSG00000257150	12	96043030	0.861874078513175
955	ENSG00000257199	12	77377858	0.502291782027452
956	ENSG00000257210	12	93517838	0.0544201062452977
957	ENSG00000257322	12	93397190	0.770647544262548
958	ENSG00000257341	14	105953535	0.434899636887979
959	ENSG00000257345	12	93392993	0.143217683544984
960	ENSG00000257431	12	82906455	0.0102680495740982
961	ENSG00000257496	12	46778015	0.979942691540445
962	ENSG00000257605	12	53692448	6.05671373232002e-06
963	ENSG00000257647	15	25272882	0.0209387148312281
964	ENSG00000257735	12	48744727	0.0022532909761168
965	ENSG00000257803	12	100972521	0.217967161958007
966	ENSG00000257817	12	115151615	0.17015711510202
967	ENSG00000257924	12	47747536	0.670561717823658
968	ENSG00000257925	12	47631516	0.000782069560730327
969	ENSG00000257953	12	58230874	0.309059985114476
970	ENSG00000257999	12	105496249	0.371092160054861
971	ENSG00000258010	15	80726135	0.912103068907333
972	ENSG00000258086	12	54747575	0.014623414411308
973	ENSG00000258092	12	2906301	0.0403720401491791
974	ENSG00000258100	12	91755972	0.742993838403736
975	ENSG00000258116	12	47735396	0.302712681499508
976	ENSG00000258128	12	88175939	0.808487065720581
977	ENSG00000258168	12	70861859	0.152184863874074
978	ENSG00000258230	12	102166891	0.283140640777237
979	ENSG00000258249	12	117037074	0.00325958692418443
980	ENSG00000258376	14	73710725	0.457289062963845
981	ENSG00000258399	14	101361106	0.00284070405172184
982	ENSG00000258404	14	102100790	0.0690905197252026
983	ENSG00000258424	14	90868866	0.702748608195442
984	ENSG00000258435	12	121829764	0.571915733698071
985	ENSG00000258439	14	75124751	0.255082175141035
986	ENSG00000258443	14	73983936	0.366679131217097
987	ENSG00000258446	14	91885792	0.104916399734165
988	ENSG00000258501	14	82382574	0.987082386321442
989	ENSG00000258520	14	69705882	0.621456409957489
990	ENSG00000258555	22	24666865	0.867491032923164
991	ENSG00000258572	14	95982472	0.013533018166372
992	ENSG00000258590	15	20862966	0.00134292163617523
993	ENSG00000258603	14	74083411	0.627201472756862
994	ENSG00000258604	14	21492330	0.0986159170266861
995	ENSG00000258623	14	69150127	0.0454750630716551
996	ENSG00000258636	14	42057063	0.346583181968962
997	ENSG00000258657	14	25064928	0.896709135810361
998	ENSG00000258679	12	57216768	0.0205268509920748
999	ENSG00000258695	14	73989581	0.576552800900446
1000	ENSG00000258789	14	89017940	0.0167201711260298
1001	ENSG00000258794	12	34361349	0.00968050163727712
1002	ENSG00000258847	14	66424014	0.0518626733529182
1003	ENSG00000258857	14	50863730	0.884390110769734
1004	ENSG00000258919	14	102095320	0.105235159178742
1005	ENSG00000258926	14	62004225	0.260976420810746
1006	ENSG00000258943	14	63764843	0.610585920958827
1007	ENSG00000258952	14	61107447	0.0202199486556301
1008	ENSG00000258983	14	88965677	0.895719451993109
1009	ENSG00000258987	14	94405900	0.0435903850247917
1010	ENSG00000258998	14	45232359	0.552591010885043
1011	ENSG00000258999	14	81573376	0.649249235231197
1012	ENSG00000259040	6	7881754	0.711779174112983
1013	ENSG00000259093	14	63589750	0.100485024309661
1014	ENSG00000259113	14	50915524	0.00453987296601795
1015	ENSG00000259138	14	75593855	0.0701376402090253
1016	ENSG00000259155	14	50144086	0.118023140920185
1017	ENSG00000259171	14	21152745	0.431260889270935
1018	ENSG00000259236	15	102311960	0.0273445579053349
1019	ENSG00000259318	14	55861657	0.830665796738901
1020	ENSG00000259319	14	75890385	0.000738417386803908
1021	ENSG00000259353	15	59149029	0.902759222572401
1022	ENSG00000259359	15	96714809	0.0542775873471302
1023	ENSG00000259367	15	86162853	0.142633905117951
1024	ENSG00000259392	15	33129183	0.00462180810218903
1025	ENSG00000259405	15	41240933	0.314067513618661
1026	ENSG00000259425	15	23096868	0.963167444297314
1027	ENSG00000259430	15	100913143	0.101931746166407
1028	ENSG00000259459	15	63682334	0.144053690590977
1029	ENSG00000259519	15	45462541	0.172686854052982
1030	ENSG00000259542	15	96936374	0.029726654387387
1031	ENSG00000259546	15	81188530	0.592611490126812
1032	ENSG00000259548	15	80124807	0.656833703804585
1033	ENSG00000259584	15	40367404	0.29451310898866
1034	ENSG00000259628	7	76673037	0.185658355587548
1035	ENSG00000259649	15	81188531	0.32036312431185
1036	ENSG00000259660	15	102291234	0.509044579224835
1037	ENSG00000259665	15	35373344	0.00268752791954913
1038	ENSG00000259683	15	84944426	0.0675140021821873
1039	ENSG00000259704	15	91382953	0.0715576719313602
1040	ENSG00000259709	15	52416757	0.0120189212699667
1041	ENSG00000259738	15	59157204	0.0325776584573133
1042	ENSG00000259744	15	71141221	0.761285492378806
1043	ENSG00000259747	15	38964047	0.0340674038377296
1044	ENSG00000259780	16	2285689	0.516479171181725
1045	ENSG00000259783	15	72900827	0.922158300770047
1046	ENSG00000259799	11	68923377	0.477211686387763
1047	ENSG00000259807	16	29228490	9.22314787423519e-06
1048	ENSG00000259834	1	111196181	2.70535615843527e-07
1049	ENSG00000259869	10	43246625	0.104872166176426
1050	ENSG00000259883	15	42213614	0.0040446051091103
1051	ENSG00000259884	12	52452242	0.231743702779696
1052	NA	NA	NA	0.0183865659122213
1053	ENSG00000259920	7	130121331	0.17068826152462
1054	ENSG00000259969	14	58460262	0.482658572252089
1055	ENSG00000260025	2	36581891	0.765783389748389
1056	ENSG00000260078	16	53398893	0.051553168904916
1057	ENSG00000260105	17	41019295	0.254396727372005
1058	ENSG00000260123	15	89584453	2.56976364421749e-05
1059	ENSG00000260128	15	30864940	0.704604160637604
1060	ENSG00000260132	16	1458834	0.169408848966771
1061	ENSG00000260173	15	72432844	0.0191195599079578
1062	ENSG00000260176	16	2694084	0.758054892886784
1063	ENSG00000260209	11	125742925	0.833349383949549
1064	ENSG00000260277	16	22094576	0.137700180501644
1065	ENSG00000260284	16	1336351	0.553760841665525
1066	ENSG00000260302	18	12774649	0.821872861604497
1067	NA	NA	NA	0.862156272718154
1068	ENSG00000260398	8	79518186	0.109283238794372
1069	ENSG00000260409	15	20935075	0.460816864945233
1070	ENSG00000260412	9	27937614	8.81197895540104e-05
1071	ENSG00000260454	9	93759335	2.92547559889967e-06
1072	ENSG00000260455	6	22135185	0.99568784901584
1073	ENSG00000260498	16	87807093	0.00221989506308204
1074	ENSG00000260500	19	7983536	0.00228897465564651
1075	ENSG00000260509	13	25874261	0.051296658169482
1076	ENSG00000260549	16	56651387	0.0256691174369505
1077	ENSG00000260578	18	65149027	0.00162303778291878
1078	ENSG00000260608	15	83681412	0.0796301367092609
1079	ENSG00000260633	3	134066129	0.27310896749313
1080	ENSG00000260645	6	81176674	0.41297355453796
1081	NA	NA	NA	0.00984630581864856
1082	ENSG00000260664	16	72459846	0.00500243711455891
1083	ENSG00000260686	5	122168050	4.70235778085832e-05
1084	NA	NA	NA	0.392387976421717
1085	ENSG00000260693	15	30832295	0.286567850882607
1086	ENSG00000260714	16	25027298	0.120748425980467
1087	ENSG00000260742	2	182752577	0.00489573195508409
1088	ENSG00000260757	16	31413885	0.00114229725677183
1089	ENSG00000260798	16	68848232	0.190717153224185
1090	ENSG00000260838	8	73859384	0.414600058417583
1091	ENSG00000260844	15	29008585	0.798986603520913
1092	ENSG00000260886	16	71599691	0.179499055956547
1093	ENSG00000260918	4	47433976	0.100257715895685
1094	ENSG00000260920	1	40929990	0.241897463587925
1095	ENSG00000260924	22	19158907	0.0483382893350428
1096	ENSG00000260932	16	83963400	0.186489945733468
1097	ENSG00000260942	2	241522116	0.949416935476229
1098	ENSG00000260947	9	33697456	0.25044084331169
1099	ENSG00000260953	16	29273593	0.00100533567917205
1100	ENSG00000260977	2	47004921	0.364839146658563
1101	ENSG00000261026	8	22536525	0.070389557341405
1102	ENSG00000261033	17	19911363	0.975444345252012
1103	ENSG00000261060	1	179559506	0.11710637176448
1104	ENSG00000261061	16	81064374	0.00369628213022711
1105	ENSG00000261069	15	25332807	0.00364698874548026
1106	ENSG00000261076	10	60085373	0.0310122136450339
1107	ENSG00000261096	2	232674555	0.951008981390684
1108	ENSG00000261192	17	55122838	0.1922971997555
1109	ENSG00000261215	9	34661899	0.541105145189198
1110	ENSG00000261220	8	134585425	0.315908387896907
1111	NA	NA	NA	1.09395572062861e-10
1112	ENSG00000261245	16	31372598	0.935744922866065
1113	ENSG00000261266	16	23698369	0.116737911044812
1114	ENSG00000261292	3	97478366	0.0116205772156587
1115	ENSG00000261327	16	88210903	4.38261728855132e-05
1116	ENSG00000261409	23	107963178	0.649228643327299
1117	ENSG00000261420	6	166796676	0.102603400099878
1118	ENSG00000261447	9	72287664	0.00181227306458147
1119	ENSG00000261459	16	30537243	0.310519279316988
1120	ENSG00000261468	3	30739152	0.388082659298892
1121	ENSG00000261513	16	71757082	0.185079295173262
1122	ENSG00000261567	16	85391068	0.842424797345013
1123	ENSG00000261592	16	87430309	0.294527509870118
1124	ENSG00000261600	2	91768392	0.0951251248681574
1125	ENSG00000261611	16	71481502	0.000964944981158395
1126	ENSG00000261625	11	68768232	0.397721178085757
1127	ENSG00000261634	15	69570666	0.264117580308413
1128	ENSG00000261671	10	22546714	0.139021960239547
1129	ENSG00000261685	16	50679719	0.526994412867672
1130	ENSG00000261716	1	149816064	0.144073513705619
1131	ENSG00000261760	2	110992311	0.320861475974378
1132	ENSG00000261762	15	78881464	0.000290050352209476
1133	ENSG00000261786	3	44158790	0.62170669664718
1134	ENSG00000261839	6	28104626	0.0254478242095667
1135	ENSG00000261888	17	81061204	0.524240417930018
1136	ENSG00000262052	17	53920037	0.517145244277034
1137	ENSG00000262118	16	3417718	0.00653716691190351
1138	ENSG00000262119	14	27061952	0.636780493366604
1139	ENSG00000262133	17	781141	0.054791936423289
1140	ENSG00000262172	17	77965742	0.000137114930461941
1141	ENSG00000262294	17	202428	0.0671197992051412
1142	ENSG00000262319	17	19044329	0.058455902398399
1143	ENSG00000262339	17	80936400	0.479685330971121
1144	ENSG00000262445	17	1898907	0.000451488409968057
1145	ENSG00000262481	17	7293052	0.232829644944148
1146	ENSG00000262497	19	35723193	0.338352132921914
1147	ENSG00000262558	17	204527	0.317275417670968
1148	ENSG00000262601	16	85204881	0.0027614088215138
1149	ENSG00000262700	16	25104707	0.121338315765791
1150	ENSG00000262703	16	11441999	0.0478386993783054
1151	ENSG00000262768	17	77774396	0.95893435651205
1152	ENSG00000262823	17	4385260	0.000428508893406389
1153	ENSG00000262890	16	70835985	0.130676664623975
1154	ENSG00000262920	17	171182	0.914448084858738
1155	ENSG00000263065	16	15835007	0.0673044033089514
1156	ENSG00000263089	17	55169505	0.0511949888020357
1157	ENSG00000263220	17	5267609	0.00591913006231621
1158	ENSG00000263343	16	31176968	0.95452825757596
1159	ENSG00000263368	17	25853411	0.179377124907049
1160	ENSG00000263429	17	10698229	0.131393488961235
1161	ENSG00000263508	17	10752857	0.000592103135480462
1162	ENSG00000263612	8	145939283	0.500105806200225
1163	ENSG00000263727	18	653984	0.860946548556782
1164	ENSG00000263809	17	8271955	0.142243648664925
1165	ENSG00000264016	17	10644583	9.45450785191875e-09
1166	ENSG00000264017	6	89800664	0.0555976763382512
1167	ENSG00000264177	17	18283168	0.430590729905692
1168	ENSG00000264215	17	20691383	0.18056306615434
1169	ENSG00000264219	3	25706363	0.910953410176252
1170	ENSG00000264453	19	58249832	0.00187607312624261
1171	ENSG00000264644	18	9678244	0.210583318846847
1172	ENSG00000264668	8	144329279	0.685694186267092
1173	ENSG00000264727	17	11191521	0.273506161942528
1174	ENSG00000264932	17	19552685	0.0712408676968826
1175	ENSG00000265091	18	5232874	0.0214387898469246
1176	ENSG00000265158	18	29304160	0.0577484049560776
1177	ENSG00000265179	18	902766	0.147932881271008
1178	ENSG00000265205	17	26997071	0.503475879103886
1179	ENSG00000265349	17	9542084	0.50767823665911
1180	ENSG00000265394	17	28417383	0.147195432541539
1181	ENSG00000265415	17	57280037	6.6195707272775e-08
1182	ENSG00000265519	17	15691100	0.588619591883799
1183	ENSG00000265542	17	55849306	0.282077316674059
1184	NA	NA	NA	0.0629420977710034
1185	ENSG00000265665	5	55752864	0.747750966948226
1186	ENSG00000265752	18	21537717	0.171168372920502
1187	ENSG00000265800	17	73134510	0.0284514059469569
1188	ENSG00000266088	17	38673277	0.00802283789573665
1189	ENSG00000266176	17	65989995	0.574093281058681
1190	ENSG00000266184	18	24411483	0.431189327926494
1191	NA	NA	NA	0.150847976683167
1192	ENSG00000266261	17	15554903	0.583419523583337
1193	ENSG00000266283	18	19780581	0.00501720758469202
1194	ENSG00000266368	17	11857205	5.60000467954797e-06
1195	ENSG00000266389	17	8869212	0.248912866010005
1196	ENSG00000266401	18	3653409	4.59045511619833e-08
1197	ENSG00000266402	17	62223329	0.0213910179775088
1198	ENSG00000266446	9	21995480	0.27518246424675
1199	ENSG00000266579	6	57358735	0.620690753549101
1200	ENSG00000266588	17	37159500	0.609283217174273
1201	ENSG00000266601	17	46007047	0.0153423611285046
1202	ENSG00000266824	17	8080129	0.162597581543837
1203	ENSG00000266846	18	6025089	0.769514879626411
1204	ENSG00000266968	18	43226117	0.936739478941071
1205	ENSG00000267005	19	36664307	0.804974707830052
1206	ENSG00000267006	19	30519647	0.519095883546741
1207	ENSG00000267069	18	12288306	0.00096908604874593
1208	ENSG00000267079	18	11910632	0.074296698777514
1209	ENSG00000267088	18	39669275	0.817044646996797
1210	ENSG00000267097	18	43003728	0.985772622314924
1211	ENSG00000267105	19	10369784	0.247848532364425
1212	ENSG00000267130	19	33795941	0.145608574645718
1213	ENSG00000267142	19	36912437	0.359810079194427
1214	ENSG00000267156	18	45156482	0.604291546379786
1215	ENSG00000267224	19	57046667	0.319820038895212
1216	ENSG00000267255	19	4429685	0.352348376815619
1217	ENSG00000267259	17	26559615	0.586830462838773
1218	ENSG00000267262	19	6067963	0.758733380880603
1219	ENSG00000267289	19	9944754	0.00922074153277094
1220	ENSG00000267299	19	6109332	0.00741582738302288
1221	ENSG00000267303	19	10426146	0.305483654787636
1222	ENSG00000267304	19	3672579	0.208203478639651
1223	ENSG00000267314	19	5904851	0.0617004730280987
1224	ENSG00000267328	19	36245466	0.0269070043795585
1225	ENSG00000267336	18	12912842	0.418427137814466
1226	ENSG00000267364	17	33640520	2.92268294325904e-05
1227	ENSG00000267374	18	36786887	0.458530850538256
1228	ENSG00000267405	17	42872114	0.291668530055911
1229	ENSG00000267461	17	66553656	0.135701703634873
1230	ENSG00000267472	17	66195061	0.574938100718797
1231	ENSG00000267476	18	56339844	0.334320867903219
1232	ENSG00000267497	18	57636669	0.241878179417749
1233	ENSG00000267505	17	42870566	0.99654519457488
1234	ENSG00000267543	17	74546032	0.00808591083325266
1235	ENSG00000267561	1	87458691	0.786255510782926
1236	ENSG00000267570	18	12911184	0.213373425821021
1237	ENSG00000267581	19	19871846	0.00766945237336517
1238	ENSG00000267583	18	33023832	0.00108349849563058
1239	ENSG00000267594	19	15871050	0.071515098999311
1240	ENSG00000267612	19	9841528	3.8684414401781e-08
1241	ENSG00000267623	19	28393502	0.685977733238424
1242	ENSG00000267637	17	57862173	0.119885173126536
1243	ENSG00000267640	19	38307998	0.0117439283016221
1244	ENSG00000267662	19	31839786	0.448360768239849
1245	ENSG00000267667	17	59208064	0.639719986759619
1246	ENSG00000267676	17	76244573	0.0276206705120526
1247	ENSG00000267699	18	48494388	0.487951468847194
1248	ENSG00000267708	17	66148916	0.586531066759593
1249	ENSG00000267724	18	44632316	0.219373246278834
1250	ENSG00000267750	17	42376941	0.0234318901354746
1251	ENSG00000267751	19	567211	0.342757794700367
1252	ENSG00000267781	19	56897594	0.0799884311203099
1253	ENSG00000267784	2	179588183	0.912250778591918
1254	ENSG00000267808	19	52102541	0.117653919031847
1255	ENSG00000267920	19	23309370	0.239144861376589
1256	ENSG00000267927	19	52674410	0.473132242216833
1257	ENSG00000268015	19	52725477	0.530494659229581
1258	ENSG00000268081	19	21737441	0.255323090505783
1259	ENSG00000268088	19	40184564	0.674627163256018
1260	ENSG00000268163	19	57949337	0.65231373865115
1261	ENSG00000268278	19	21820775	0.854319568577204
1262	ENSG00000268297	19	7852434	0.125113679461613
1263	ENSG00000268355	19	42037565	0.0682308845889477
1264	ENSG00000268416	19	20929728	0.666954239763722
1265	ENSG00000268536	19	4785131	0.0150149596963715
1266	ENSG00000268555	19	21753623	0.038466104613403
1267	ENSG00000268564	19	15234970	0.0327032935990487
1268	ENSG00000268621	19	46692422	0.000251787235277698
1269	ENSG00000268660	19	58555959	0.0512293775928334
1270	ENSG00000268747	19	21458824	0.931442077884459
1271	ENSG00000268798	19	1440837	0.00192433920654571
1272	ENSG00000268849	19	51714335	0.303273686958814
1273	ENSG00000268926	9	98534604	0.115548483389439
1274	ENSG00000269040	19	20967401	0.199252497440709
1275	ENSG00000269091	19	50546452	0.0111937793425848
1276	ENSG00000269275	19	55888946	0.09977350450693
1277	ENSG00000269289	19	24101882	0.502657587012509
1278	ENSG00000269345	19	22357567	0.952616545250165
1279	ENSG00000269349	19	53014534	0.471093347730826
1280	ENSG00000269482	16	140628	0.337260629835315
1281	ENSG00000269489	1	151770529	0.0172371910522697
1282	ENSG00000269729	19	46667149	0.00627127575816675
1283	ENSG00000269755	19	12543916	0.265542945057032
1284	ENSG00000269800	19	42027402	0.00152307843747413
1285	ENSG00000269873	19	54949191	0.419082678454739
1286	ENSG00000269920	10	97733785	0.150987265551907
1287	ENSG00000269927	14	71607841	0.132465413264674
1288	ENSG00000269929	9	96938739	0.0607704767598329
1289	ENSG00000269933	1	71471536	0.323215882864159
1290	ENSG00000269936	5	148809848	0.986182869150813
1291	ENSG00000269974	15	30940999	0.33672995019501
1292	ENSG00000270030	11	325702	0.0677363045297062
1293	ENSG00000270058	16	86255028	0.998205520564405
1294	ENSG00000270059	3	65344942	0.0667725352914013
1295	ENSG00000270074	8	12270335	0.0335893337936419
1296	ENSG00000270077	8	98156397	0.989960875206457
1297	ENSG00000270093	21	18015847	0.207648354690665
1298	ENSG00000270097	16	3049902	0.622017436257432
1299	ENSG00000270124	16	85613614	0.733024762587126
1300	ENSG00000270137	8	133838423	0.00329419454639243
1301	ENSG00000270154	8	12333970	0.670069524768398
1302	ENSG00000270160	11	128484234	0.0787310634035582
1303	ENSG00000270168	16	3051300	0.308652889412571
1304	ENSG00000270190	2	112024444	0.000118486043750437
1305	ENSG00000270195	4	1714547	0.135750387171079
1306	ENSG00000270230	5	99382153	0.194099431406144
1307	ENSG00000270246	15	25287064	0.169374321589719
1308	ENSG00000270326	6	28287436	0.555650555944402
1309	ENSG00000270343	14	81725908	0.504887862647742
1310	ENSG00000270409	3	15773758	0.00114496510274954
1311	ENSG00000270412	9	101705618	0.166187038073982
1312	ENSG00000270457	1	59754974	0.483347289878093
1313	ENSG00000270469	18	14053949	0.815887274406689
1314	ENSG00000270499	23	46420362	0.898655430695738
1315	ENSG00000270510	11	87034750	0.40055498071422
1316	ENSG00000270591	14	104229139	0.2524249619845
1317	ENSG00000270606	17	8463788	0.00809584981134174
1318	ENSG00000270638	6	146056705	0.176656976589375
1319	ENSG00000270666	6	27482817	0.048370876269916
1320	ENSG00000270704	15	25230010	0.136044466128934
1321	ENSG00000270755	9	132806991	0.251367007632741
1322	ENSG00000270775	11	64792861	0.239573265657155
1323	ENSG00000270792	20	10653575	0.889983309497274
1324	ENSG00000270876	19	35414202	0.0860659329641026
1325	ENSG00000270933	7	25988276	0.219405789728533
1326	ENSG00000270972	11	333191	0.0691352257666422
1327	ENSG00000270975	14	69328478	0.732075807321753
1328	ENSG00000270988	8	1922983	0.770013784077422
1329	NA	NA	NA	0.696449550097142
1330	ENSG00000271064	7	66213824	0.143607094771661
1331	ENSG00000271105	16	25080890	0.425032242677313
1332	ENSG00000271127	22	16179616	1.87524120805349e-09
1333	ENSG00000271131	3	178211114	0.981248718449868
1334	ENSG00000271156	8	89820546	0.0294478775868283
1335	ENSG00000271200	1	62207669	0.00952959175913323
1336	ENSG00000271347	15	25236632	0.215176374783667
1337	ENSG00000271367	6	53214955	0.017023336894163
1338	ENSG00000271390	11	110960593	0.111186019671517
1339	ENSG00000271401	2	179509443	0.105490521818221
1340	ENSG00000271474	4	96470279	0.982211294234621
1341	ENSG00000271499	19	19861426	0.0217161657115374
1342	ENSG00000271537	7	138883302	0.577238170556642
1343	ENSG00000271550	7	64139331	0.0105606972867323
1344	ENSG00000271614	12	90102735	0.0221426207902681
1345	ENSG00000271654	8	18244617	0.143538151263909
1346	ENSG00000271714	5	74161717	0.0171096851715173
1347	ENSG00000271715	5	10269600	0.573115889324242
1348	ENSG00000271723	1	55107458	0.50870134799152
1349	ENSG00000271725	15	81595555	0.0660434035267916
1350	ENSG00000271727	6	711532	0.272209449526511
1351	ENSG00000271730	6	109319684	0.0108698369301721
1352	ENSG00000271743	8	6473124	0.111095440921361
1353	ENSG00000271749	17	61470715	0.316120888700227
1354	ENSG00000271787	2	10194547	0.843978957820147
1355	ENSG00000271815	5	74659584	0.222799797420321
1356	ENSG00000271817	4	159621842	0.264435221899197
1357	ENSG00000271830	8	104493493	0.00149496327842983
1358	ENSG00000271936	2	25048478	1.60657711382434e-05
1359	ENSG00000272021	5	95185012	0.0417330230664318
1360	ENSG00000272023	5	132299461	0.113791018781129
1361	ENSG00000272068	1	156607574	0.0193504120991657
1362	ENSG00000272071	5	6779570	0.0498579219235155
1363	ENSG00000272076	8	52722669	0.957568710515892
1364	ENSG00000272158	14	65470042	0.27729204152686
1365	ENSG00000272161	1	2257639	0.0252251188173724
1366	ENSG00000272163	8	24769677	0.223978314766902
1367	ENSG00000272180	2	56179292	0.883089818636469
1368	ENSG00000272183	2	74728843	0.976959645300645
1369	ENSG00000272202	3	57112970	0.0332932412653355
1370	ENSG00000272209	6	13825662	0.512406902112314
1371	ENSG00000272279	6	1528598	0.500110642213708
1372	ENSG00000272312	6	26968986	0.413553691040252
1373	ENSG00000272319	10	43075171	0.558813579236691
1374	ENSG00000272320	6	3311895	0.0204183775415718
1375	ENSG00000272321	8	99448896	0.953805305376113
1376	ENSG00000272324	5	10761176	0.844415854422106
1377	ENSG00000272360	3	58476556	0.0115708015859641
1378	ENSG00000272372	16	56385797	0.378716774724519
1379	ENSG00000272405	1	156611457	0.0215458067560713
1380	ENSG00000272411	5	148349902	0.0816348272578715
1381	ENSG00000272455	1	1344475	0.0926186525104239
1382	ENSG00000272463	6	708591	0.00041856686314937
1383	ENSG00000272483	3	11653075	0.243091029882424
1384	ENSG00000272489	10	81422947	0.441371238562061
1385	ENSG00000272491	1	48693559	0.0149164229425277
1386	ENSG00000272511	3	21453713	0.206546393518218
1387	ENSG00000272537	7	16510808	0.235807235038405
1388	ENSG00000272541	6	58182168	0.00821988146529153
1389	ENSG00000272555	2	219683412	0.0147614025808971
1390	ENSG00000272597	3	107048276	0.0854579240586086
1391	ENSG00000272622	2	227664861	0.216594019137942
1392	ENSG00000272632	4	142351984	0.535470018790113
1393	ENSG00000272647	7	99156290	0.877750945736388
1394	ENSG00000272657	21	35445891	0.615280512411974
1395	ENSG00000272691	1	86044182	0.181289442285989
1396	ENSG00000272701	7	130125882	0.758132952677314
1397	ENSG00000272754	2	32546706	0.00256369318665642
1398	ENSG00000272777	4	99988406	0.000233081947048773
1399	ENSG00000272783	4	1552010	0.748326837658668
1400	ENSG00000272784	4	184015575	0.195557357247233
1401	ENSG00000272789	2	128383571	9.58562442281662e-05
1402	ENSG00000272799	18	9912312	0.258184150148796
1403	ENSG00000272817	10	93667887	0.599549980256186
1404	ENSG00000272823	1	221002017	0.225466966322046
1405	ENSG00000272832	3	133261907	0.737544750904558
1406	ENSG00000272848	6	169826514	0.846667471080118
1407	ENSG00000272866	9	5351795	0.0100881253526706
1408	ENSG00000272912	10	104674341	0.0238422702953285
1409	ENSG00000272942	22	25830290	0.2905447920385
1410	ENSG00000272950	7	97952164	0.746776166479697
1411	ENSG00000272971	1	156584533	0.652859520110053
1412	ENSG00000273082	22	34318409	0.113104144002463
1413	ENSG00000273091	21	33108044	0.312857339174298
1414	ENSG00000273123	3	123434697	0.0458732304371502
1415	ENSG00000273162	10	102819785	0.0631613031484025
1416	ENSG00000273164	22	19010568	0.398642359888182
1417	ENSG00000273172	17	33614	0.0562511221514573
1418	ENSG00000273175	1	245028039	0.0787262203391373
1419	ENSG00000273203	22	17548710	0.127201124211839
1420	ENSG00000273209	2	202897492	0.0109082994601212
1421	ENSG00000273233	2	29033146	0.794593928680491
1422	ENSG00000273258	2	174876583	0.0235652648068169
1423	ENSG00000273259	14	95058394	0.00105011127535765
1424	ENSG00000273295	22	24243618	0.467732303216029
1425	ENSG00000273313	7	5111755	0.0348422810338292
1426	ENSG00000273328	3	42850905	0.195526967844016
1427	ENSG00000273331	3	196042952	0.207993615263925
1428	ENSG00000273348	18	19927808	0.747752269475711
1429	ENSG00000273372	10	81727968	0.340637767889742
1430	ENSG00000273384	1	178620840	0.338204171688423
1431	ENSG00000273442	22	17561590	0.577760739957439
1432	ENSG00000273443	1	997587	0.108079505493797
1433	ENSG00000273476	10	102727444	0.41671272457711
1434	NA	NA	NA	0.596677658591956
1435	NA	NA	NA	0.000655004006755745
1436	NA	NA	NA	0.98204748698753
1437	NA	NA	NA	0.113648052718839
1438	NA	NA	NA	0.0113544045410933
1439	NA	NA	NA	2.64378756731938e-05
1440	NA	NA	NA	0.00453351041575506
1441	NA	NA	NA	0.670986735890438
1442	NA	NA	NA	0.117603378700221
1443	NA	NA	NA	0.797711919174467
1444	NA	NA	NA	0.0813608784764456
1445	NA	NA	NA	0.952933878413531
1446	NA	NA	NA	0.048306347884937
1447	NA	NA	NA	0.0167562522030244
1448	NA	NA	NA	0.77725540012809
1449	NA	NA	NA	0.587784544736983
1450	NA	NA	NA	0.259190407054744
1451	NA	NA	NA	0.0237456992616175
1452	NA	NA	NA	0.0305262050602335
1453	NA	NA	NA	0.0449460650125817
1454	NA	NA	NA	0.503692637534194
1455	NA	NA	NA	0.915273958201372
1456	NA	NA	NA	0.0111957145983015
1457	NA	NA	NA	0.20940798630973
1458	NA	NA	NA	0.571252682173098
1459	NA	NA	NA	0.786237947217616
1460	NA	NA	NA	0.83860991145181
1461	NA	NA	NA	0.0485348379479462
1462	NA	NA	NA	0.367911723401033
1463	NA	NA	NA	0.0433293741021157
1464	NA	NA	NA	0.819457582257259
1465	NA	NA	NA	0.253553909254992
1466	NA	NA	NA	0.0111708191787129
1467	NA	NA	NA	0.552773507362221
1468	NA	NA	NA	6.71303497926318e-05
1469	NA	NA	NA	0.00221551914656666
1470	NA	NA	NA	0.102802926423094
1471	NA	NA	NA	0.00739294244740299
1472	NA	NA	NA	0.000369624127667458
1473	NA	NA	NA	0.419096156552091
1474	NA	NA	NA	0.457952401204949
1475	NA	NA	NA	0.146617126499245
1476	NA	NA	NA	0.724182270780009
1477	NA	NA	NA	6.80414397747949e-05
1478	NA	NA	NA	0.178214418551582
1479	NA	NA	NA	0.425111761568561
1480	NA	NA	NA	0.0058839088798597
1481	NA	NA	NA	0.594108371693807
1482	NA	NA	NA	0.0535915258515823
1483	NA	NA	NA	0.00108433521940693
1484	NA	NA	NA	0.715999563223688
1485	NA	NA	NA	0.15496885636388
1486	NA	NA	NA	0.713123941240075
1487	NA	NA	NA	0.0455790348099913
1488	NA	NA	NA	0.00776649354757322
1489	NA	NA	NA	0.349052753501731
1490	NA	NA	NA	0.0948877808655379
1491	NA	NA	NA	0.512778399023987
1492	NA	NA	NA	1.13297507708223e-15
1493	NA	NA	NA	0.417731238427538
1494	NA	NA	NA	0.283737140892658
1495	NA	NA	NA	0.0450693607610752
1496	NA	NA	NA	0.00758041414238324
1497	NA	NA	NA	0.0260368814135463
1498	NA	NA	NA	0.803376318885917
1499	NA	NA	NA	0.260774892467125
1500	NA	NA	NA	0.418116834083124
1501	NA	NA	NA	0.00738093809788226
1502	NA	NA	NA	0.240496922893172
1503	NA	NA	NA	0.436363887066781
1504	NA	NA	NA	0.848867246722427
1505	NA	NA	NA	0.890794265424191
1506	NA	NA	NA	0.403744007174403
1507	NA	NA	NA	0.476754587440757
1508	NA	NA	NA	0.196869540818862
1509	NA	NA	NA	0.0853625712397198
1510	NA	NA	NA	0.563698952009953
1511	NA	NA	NA	0.625504004100214
1512	NA	NA	NA	0.824038754110353
1513	NA	NA	NA	0.0481532528740483
1514	NA	NA	NA	0.872953425935804
1515	NA	NA	NA	0.336452189757451
1516	NA	NA	NA	0.136626098304664
1517	NA	NA	NA	0.854032118449943
1518	NA	NA	NA	0.753567001039477
1519	NA	NA	NA	0.0175912709241184
1520	NA	NA	NA	0.450695417668261
1521	NA	NA	NA	0.934857185018895
1522	NA	NA	NA	0.45612689234909
1523	NA	NA	NA	0.0571385390027913
1524	NA	NA	NA	0.00122875896426207
1525	NA	NA	NA	0.021231069398584
1526	NA	NA	NA	0.4240951039705
1527	NA	NA	NA	0.522607974642807
1528	NA	NA	NA	0.987433348244239
1529	NA	NA	NA	0.792892952718238
1530	NA	NA	NA	0.159111478554207
1531	NA	NA	NA	0.000648132495731349
1532	NA	NA	NA	0.0119911829791978
1533	NA	NA	NA	0.0441967212367943
1534	NA	NA	NA	0.394739990607062
1535	NA	NA	NA	0.621724878458741
1536	NA	NA	NA	0.664896056059975
1537	NA	NA	NA	0.120938254411245
1538	NA	NA	NA	0.123964052302539
1539	NA	NA	NA	0.709108170350491
1540	NA	NA	NA	0.498143904423959
1541	NA	NA	NA	0.580785709253915
1542	NA	NA	NA	0.331692056373194
1543	NA	NA	NA	0.687746070042064
1544	NA	NA	NA	0.364993326526528
1545	NA	NA	NA	0.373624036852871
1546	NA	NA	NA	0.428561940981186
1547	NA	NA	NA	0.855144960888231
1548	NA	NA	NA	0.000129012128241155
1549	NA	NA	NA	0.924981864495434
1550	NA	NA	NA	0.379925844861262
1551	NA	NA	NA	0.975454946605341
1552	NA	NA	NA	0.000372298496952185
1553	NA	NA	NA	3.71693065585468e-06
1554	NA	NA	NA	0.495485457656137
1555	NA	NA	NA	0.00729201814734408
1556	NA	NA	NA	0.759690847839173
1557	NA	NA	NA	1.08656296502155e-14
1558	NA	NA	NA	0.0405726627583742
1559	NA	NA	NA	0.913562717167048
1560	NA	NA	NA	0.0250559836204185
1561	NA	NA	NA	0.969786551865339
1562	NA	NA	NA	0.327567553366227
1563	NA	NA	NA	0.0109684507405464
1564	NA	NA	NA	0.0191567799827021
1565	NA	NA	NA	0.564856751527226
1566	NA	NA	NA	0.121495082274866
1567	NA	NA	NA	0.406510462627413
1568	NA	NA	NA	0.573731594467449
1569	NA	NA	NA	0.951610533116185
1570	NA	NA	NA	0.0381086890143871
1571	NA	NA	NA	0.18925200361696
1572	NA	NA	NA	0.0104444473773736
1573	NA	NA	NA	0.975763719983361
1574	NA	NA	NA	0.259501697025204
1575	NA	NA	NA	2.14182597604867e-05
1576	NA	NA	NA	0.112481456928883
1577	NA	NA	NA	0.351787826374523
1578	NA	NA	NA	0.326751265181404
1579	NA	NA	NA	0.00227200867195348
1580	NA	NA	NA	0.115039964951514
1581	NA	NA	NA	0.301522876873794
1582	NA	NA	NA	0.150958829810697
1583	NA	NA	NA	0.411537321672904
1584	NA	NA	NA	0.178540534894343
1585	NA	NA	NA	0.237949758916279
1586	NA	NA	NA	0.213453949791799
1587	NA	NA	NA	0.000158608792907946
1588	NA	NA	NA	0.719999419790515
1589	NA	NA	NA	0.945604933283765
1590	NA	NA	NA	0.81324734890932
1591	NA	NA	NA	9.00981113610107e-07
1592	NA	NA	NA	0.224947539242392
1593	NA	NA	NA	0.992157890393458
1594	NA	NA	NA	0.155210274207208
1595	NA	NA	NA	0.158865920550927
1596	NA	NA	NA	0.870959461881499
1597	NA	NA	NA	0.157629881404085
1598	NA	NA	NA	0.46130708001433
1599	NA	NA	NA	0.0366812084427003
1600	NA	NA	NA	0.895702351602684
1601	NA	NA	NA	0.0403809382037036
1602	NA	NA	NA	2.21154378114437e-06
1603	NA	NA	NA	0.225784327962422
1604	NA	NA	NA	0.130123559289009
1605	NA	NA	NA	0.0342113777194039
1606	NA	NA	NA	0.692120002544192
1607	NA	NA	NA	0.788174616938389
1608	NA	NA	NA	0.45856036880996
1609	NA	NA	NA	0.224312071067292
1610	NA	NA	NA	0.0987319838207035
1611	NA	NA	NA	0.0179723042073449
1612	NA	NA	NA	0.136928241807958
1613	NA	NA	NA	0.745942919838578
1614	NA	NA	NA	0.437095184080821
1615	NA	NA	NA	0.942435282154573
1616	NA	NA	NA	0.00453077189661084
1617	NA	NA	NA	0.408909697747448
1618	NA	NA	NA	0.00557838416749542
1619	NA	NA	NA	0.941851658497555
1620	NA	NA	NA	0.00497789051233907
1621	NA	NA	NA	0.14810356145429
1622	NA	NA	NA	0.339617649609627
1623	NA	NA	NA	0.00619518082512175
1624	NA	NA	NA	0.0989750641871561
1625	NA	NA	NA	0.00499680735740636
1626	NA	NA	NA	0.554904075685103
1627	NA	NA	NA	0.657637017689014
1628	NA	NA	NA	0.00456900189916204
1629	NA	NA	NA	0.00461505898122144
1630	NA	NA	NA	0.00307104946794027
1631	NA	NA	NA	0.435025840814183
1632	NA	NA	NA	0.265310599950274
1633	NA	NA	NA	7.01265340879078e-10
1634	NA	NA	NA	0.184910496697934
1635	NA	NA	NA	0.997585772424142
1636	NA	NA	NA	0.309376873030074
1637	NA	NA	NA	0.0108647605822733
1638	NA	NA	NA	3.26365853113295e-05
1639	NA	NA	NA	0.149459192202852
1640	NA	NA	NA	0.677507794311482
1641	NA	NA	NA	0.070457105895771
1642	NA	NA	NA	0.000167623331166191
1643	NA	NA	NA	0.583512864151207
1644	NA	NA	NA	0.253878339588937
1645	NA	NA	NA	0.422652085466678
1646	NA	NA	NA	0.941124911647739
1647	NA	NA	NA	0.658175689399197
1648	NA	NA	NA	0.00401775700114665
1649	NA	NA	NA	0.375488170093688
1650	NA	NA	NA	0.0514335531761486
1651	NA	NA	NA	9.3202595909227e-06
1652	NA	NA	NA	0.0666460147065772
1653	NA	NA	NA	4.57898660316868e-05
1654	NA	NA	NA	0.0248389867200452
1655	NA	NA	NA	0.0229378931066415
1656	NA	NA	NA	0.106468191698311
1657	NA	NA	NA	0.665319726504185
1658	NA	NA	NA	0.181210212016391
1659	NA	NA	NA	0.0324178933882913
1660	NA	NA	NA	0.430842653988109
1661	NA	NA	NA	0.000410111177665179
1662	NA	NA	NA	0.685672009121971
1663	NA	NA	NA	0.00412233015874636
1664	NA	NA	NA	0.117232473743881
1665	NA	NA	NA	0.291705990651112
1666	NA	NA	NA	0.0092664353816389
1667	NA	NA	NA	4.34719122927997e-05
1668	NA	NA	NA	0.337748454929247
