	SNP	Chromosome	Position	trait1
1	ENSG00000002079	7	98836416	8.64184671576837e-05
2	ENSG00000088340	20	34146506	0.0543097049116172
3	ENSG00000100181	22	17082776	0.869052343549928
4	ENSG00000105694	19	2538107	0.0103391395555852
5	ENSG00000135477	12	52644249	0.769655196511154
6	ENSG00000135747	1	247108848	0.131695057914788
7	ENSG00000146001	5	140613937	0.213257943332487
8	ENSG00000150526	14	39703119	0.554324198945061
9	ENSG00000151303	10	88752162	0.0495132643264691
10	ENSG00000154198	1	47308766	0.375775554439351
11	ENSG00000154316	8	11197145	0.0237093235252838
12	ENSG00000159860	7	143333744	0.892965184700794
13	ENSG00000163612	4	9155021	0.263609014684777
14	ENSG00000167912	8	60031598	0.258440099161952
15	ENSG00000167945	16	855442	0.633866661899461
16	ENSG00000171101	19	51670584	0.0549782617866504
17	ENSG00000173862	7	33765592	0.101190734609202
18	ENSG00000174403	20	61141549	0.132679855202831
19	ENSG00000174680	21	31120493	0.969202601582689
20	ENSG00000175967	6	114225301	0.696910651337208
21	ENSG00000176716	11	7749631	0.0272756732811964
22	ENSG00000177133	1	2976178	0.0497424331166887
23	ENSG00000177197	13	48902219	0.586233301169813
24	ENSG00000177855	2	184472169	0.112000842407025
25	ENSG00000178162	2	131174327	0.409167857118539
26	ENSG00000178636	4	120113927	0.230070631201369
27	ENSG00000179066	19	35596872	0.0919626303240957
28	ENSG00000179157	6	43331216	0.366095872366676
29	ENSG00000179277	17	15689931	0.9701979525555
30	ENSG00000179935	20	18768294	0.465068091974899
31	ENSG00000179967	4	140036083	0.00366439447196122
32	ENSG00000180019	7	112086218	0.980638258020044
33	ENSG00000180066	10	134257830	0.00074213767291869
34	ENSG00000180229	15	20588367	0.403455657464462
35	ENSG00000180769	4	85887537	0.347386338695504
36	ENSG00000181355	6	9596522	0.059540219303578
37	ENSG00000181819	23	104650317	0.908423697322441
38	ENSG00000182397	15	100330360	0.674499883247845
39	ENSG00000184139	4	132778497	0.79958992663283
40	ENSG00000184682	11	1910374	0.789525232435495
41	ENSG00000184774	1	202789393	0.00468508092249665
42	ENSG00000184795	11	67479172	0.842164761260476
43	ENSG00000186354	9	91605777	0.30257241074378
44	ENSG00000186369	14	62584196	0.435518473604398
45	ENSG00000186466	9	67272037	0.944405405803634
46	ENSG00000186842	21	33944547	0.338770778543527
47	ENSG00000187952	1	21754795	0.196792967360886
48	ENSG00000188013	17	20492370	0.497113123482793
49	ENSG00000188662	17	48248788	0.0455787807706288
50	ENSG00000189212	7	35119600	0.329971426458335
51	ENSG00000196593	13	24513695	0.730598201362731
52	ENSG00000197083	5	150310206	0.116266879903417
53	ENSG00000197320	7	9765869	0.100501946340383
54	ENSG00000197376	12	48901136	0.7607268524053
55	ENSG00000197670	20	52169308	0.0979661151262813
56	ENSG00000197882	11	86543581	0.833413705139231
57	ENSG00000198106	16	29262828	0.136864830694887
58	ENSG00000198384	13	53063127	0.620640366445625
59	ENSG00000198416	9	39443803	0.0786008420244099
60	ENSG00000198555	16	33778505	0.0210142804201361
61	ENSG00000198857	1	120143962	0.0387811650837068
62	ENSG00000199332	6	31369928	0.562391320119343
63	ENSG00000199476	3	48330076	0.762526115177502
64	ENSG00000199691	20	37390170	0.925937272764243
65	ENSG00000199899	12	113594569	0.144111010705078
66	ENSG00000200033	1	222010675	0.000459114373685866
67	ENSG00000200237	19	9930629	0.279560553656097
68	ENSG00000200253	10	88800994	0.571195869393463
69	ENSG00000200356	10	75038819	0.0230793612410764
70	ENSG00000200525	8	96067441	0.273129814634935
71	ENSG00000200550	2	42939879	0.285904620154245
72	ENSG00000200674	1	173760685	0.0119529681974995
73	ENSG00000201217	3	152167060	0.790340196945547
74	ENSG00000201724	15	100221990	0.596969275359655
75	ENSG00000202198	6	52860417	0.4935697881639
76	ENSG00000202533	5	131803838	0.619341158861653
77	ENSG00000203286	9	3452304	0.201857602369395
78	ENSG00000203307	1	166050419	0.518929940542787
79	ENSG00000203414	10	13198683	0.171222186389108
80	ENSG00000203446	7	40577725	0.0146695975359766
81	ENSG00000203506	3	29657465	0.0573011290070511
82	ENSG00000203635	2	1624281	0.00869976618882331
83	ENSG00000203855	1	120106688	0.122649057332214
84	ENSG00000203886	10	104592477	0.0331306374274427
85	ENSG00000204118	23	72345875	0.113468727488325
86	ENSG00000204136	9	124207268	0.00699444475734232
87	ENSG00000204187	10	44340753	0.694397701357228
88	ENSG00000204789	6	27325603	0.335184606308012
89	ENSG00000204790	9	69204537	0.370782147043202
90	ENSG00000204818	9	44170446	0.84886719794807
91	ENSG00000204837	9	41961614	0.753838542376525
92	ENSG00000205318	6	10633992	0.824862754903414
93	ENSG00000205361	16	56677616	0.574985889033885
94	ENSG00000205414	16	50639986	0.430753740327729
95	ENSG00000205562	14	85991476	0.00472100484132059
96	ENSG00000205879	8	12029710	0.191101450236008
97	ENSG00000206647	2	10295198	0.458303002748045
98	ENSG00000206728	3	23315297	0.00764825193036082
99	ENSG00000206878	1	228788182	0.000131121590115463
100	ENSG00000206965	2	175422693	0.166071589024835
101	ENSG00000207146	23	107920180	0.449308011858291
102	ENSG00000207206	9	84340157	0.530175226264992
103	ENSG00000207770	3	114035321	0.938752206545816
104	ENSG00000209042	20	47895476	0.50682461977885
105	ENSG00000209082	M	3228	0.510266483350544
106	ENSG00000210049	M	574	0.0427961592615065
107	ENSG00000210194	M	14672	0.00035377790482302
108	ENSG00000210195	M	15886	0.740586481922896
109	ENSG00000211694	7	38339411	0.0440910517538902
110	ENSG00000211785	14	22309421	0.000405855112180245
111	ENSG00000211786	14	22314718	0.00240678495603816
112	ENSG00000211802	14	22538819	0.00148657409024702
113	ENSG00000211818	14	22771938	0.849692240939495
114	ENSG00000211898	14	106303098	0.0170638703795794
115	ENSG00000212206	17	8232900	0.172623986867216
116	ENSG00000212237	1	228783658	0.000447115143396079
117	ENSG00000212293	13	32994526	0.0410516021417922
118	ENSG00000213028	1	229824745	0.0599250003699931
119	ENSG00000213070	1	164326003	0.740085088049093
120	ENSG00000213071	6	160874459	0.564449902516071
121	ENSG00000213078	6	157787021	0.0199613217822552
122	ENSG00000213082	2	208546313	0.818661354640572
123	ENSG00000213225	2	130986948	0.163198757878029
124	ENSG00000213250	12	94817519	0.149655381364089
125	ENSG00000213279	22	49965911	0.777151603640251
126	ENSG00000213352	12	63149006	0.0411033897992607
127	ENSG00000213370	4	174554878	0.127509209226728
128	ENSG00000213373	17	41026686	0.00013404787431469
129	ENSG00000213386	5	172189523	0.574078544863674
130	ENSG00000213435	6	42694971	0.103483249639688
131	ENSG00000213519	3	197307214	0.613804594816483
132	ENSG00000213561	1	78509066	0.118993347521024
133	ENSG00000213601	2	190175988	0.0404603345551317
134	ENSG00000213703	1	63106792	0.798073466293449
135	ENSG00000213750	8	98636430	0.763210230086142
136	ENSG00000213754	23	63524926	0.0520331716730417
137	ENSG00000213876	17	7044248	0.726635861605373
138	ENSG00000213938	2	200524273	0.706096255478563
139	ENSG00000213956	5	49928957	0.166533776844226
140	ENSG00000213985	19	20368528	0.371974217750855
141	ENSG00000213997	23	46506028	0.0847866975694962
142	ENSG00000214039	12	130517998	0.723248654087021
143	ENSG00000214073	3	1947334	0.395560003640501
144	ENSG00000214093	22	31955468	0.916239734794583
145	ENSG00000214100	2	130680434	0.908231365007954
146	ENSG00000214121	9	12972841	0.176782851565419
147	ENSG00000214264	11	112051495	0.889398486657848
148	ENSG00000214273	4	190962496	0.190979634159353
149	ENSG00000214280	3	139301769	0.846830589885894
150	ENSG00000214289	3	134070693	0.619287972762197
151	ENSG00000214533	2	65893828	0.88584838599931
152	ENSG00000214553	17	37183529	0.638152189944633
153	ENSG00000214612	20	18485276	0.565560269276073
154	ENSG00000214796	1	202820955	0.0480441831565309
155	ENSG00000214826	12	9570308	0.465538767117311
156	ENSG00000214919	3	155459932	0.716598547039567
157	ENSG00000214955	21	35577355	0.730448514689223
158	ENSG00000214961	23	133406316	0.0727966995414583
159	ENSG00000215105	23	74960540	0.905475851886744
160	ENSG00000215237	9	14993309	0.674354179241815
161	ENSG00000215267	10	5317135	0.117009680452515
162	ENSG00000215333	22	44962844	0.456363498294151
163	ENSG00000215374	8	7159132	0.530096617332577
164	ENSG00000215386	21	17442841	0.0671206343216175
165	ENSG00000215452	20	45042866	0.495141382068787
166	ENSG00000215493	22	20804408	0.232362234229933
167	ENSG00000215559	21	15281894	0.677320872004748
168	ENSG00000215630	5	70498110	0.134271532707904
169	ENSG00000215861	1	144676873	0.355412057892225
170	ENSG00000215878	6	138723721	0.233466561123329
171	ENSG00000215914	1	1631368	0.796844795750267
172	ENSG00000216306	12	95227922	0.940680621591705
173	ENSG00000216624	6	166477778	0.35267966036233
174	ENSG00000216901	6	28143965	0.442157983798221
175	ENSG00000216915	6	27704778	0.149064916340597
176	ENSG00000217159	6	26164299	0.123122761635336
177	ENSG00000217643	2	26045337	0.0146915454102821
178	ENSG00000217646	6	27831839	0.97817894359812
179	ENSG00000217824	6	148888513	0.0219671933114225
180	ENSG00000217862	6	27774852	0.903306137810476
181	ENSG00000218014	6	72294423	0.630056227473239
182	ENSG00000218281	6	26233349	0.292109504359537
183	ENSG00000218358	6	150319154	0.0399978562112124
184	ENSG00000218502	13	99867625	0.812262663411398
185	ENSG00000218582	6	80662721	0.240520300627681
186	ENSG00000218586	7	55001391	0.0468110506784516
187	ENSG00000219565	6	109103328	0.528057914856754
188	ENSG00000219642	6	129478667	0.0662231303692548
189	ENSG00000219682	6	25140211	0.346600424564094
190	ENSG00000219693	9	66544358	0.945585223240656
191	ENSG00000219930	23	135160002	0.103663079111895
192	ENSG00000220154	6	79987821	0.149473450340155
193	ENSG00000220563	6	86369609	0.160382702959613
194	ENSG00000220695	6	100978151	0.649951920530591
195	ENSG00000220771	6	21602358	0.855044474293278
196	ENSG00000220924	4	113606210	0.00570839768480714
197	ENSG00000221299	23	134029783	0.959190166461105
198	ENSG00000221340	1	12629999	0.216458561891469
199	ENSG00000222022	2	238330062	0.000177256222584188
200	ENSG00000222032	2	238337562	0.0167291527452953
201	ENSG00000222057	3	121374321	0.63526255246672
202	ENSG00000222881	17	38547483	0.116607985351395
203	ENSG00000223249	2	190618189	0.403331561106847
204	ENSG00000223254	1	85729978	0.538219477795714
205	ENSG00000223318	2	165752186	0.106991505666324
206	ENSG00000223382	1	31297074	0.200951256480073
207	ENSG00000223414	6	166322289	0.0655283045257965
208	ENSG00000223460	13	29880914	0.0523492138288443
209	ENSG00000223518	15	37090796	0.307066679776176
210	ENSG00000223537	6	109809108	0.0260540308888116
211	ENSG00000223576	13	20415966	0.996806120941913
212	ENSG00000223656	1	100163797	0.924019222768221
213	ENSG00000223723	23	36980268	0.543071448800302
214	ENSG00000223774	1	201862969	0.0275393618498961
215	ENSG00000223930	3	177919837	0.166307175945803
216	ENSG00000223974	7	64011875	0.884057988562058
217	ENSG00000224063	2	187867946	0.00223474349558905
218	ENSG00000224083	9	5096665	0.00804766030103055
219	ENSG00000224106	9	69477880	0.450207916844245
220	ENSG00000224126	17	18580573	0.776731367086322
221	ENSG00000224183	1	25620654	0.0690644268389941
222	ENSG00000224232	2	242417730	0.750255083878689
223	ENSG00000224238	1	119590027	0.779734115827063
224	ENSG00000224239	3	898806	0.722120862561699
225	ENSG00000224245	9	97258556	0.278594771689671
226	ENSG00000224295	11	5539670	0.162512824815289
227	ENSG00000224321	1	16119290	0.501702283836276
228	ENSG00000224367	18	56663965	0.0988708271488179
229	ENSG00000224413	21	47456965	0.153162587671579
230	ENSG00000224419	13	90882637	0.805368285503102
231	ENSG00000224441	15	91475815	0.00195033438285124
232	ENSG00000224460	6	143267183	0.876934742099015
233	ENSG00000224473	10	30692125	0.834827418661996
234	ENSG00000224478	6	159528822	0.919395674492757
235	ENSG00000224479	3	63727968	0.00497045563270541
236	ENSG00000224513	11	3247290	0.0527941032115162
237	ENSG00000224592	1	38512985	0.5188025974796
238	ENSG00000224621	1	16485760	0.854247940727408
239	ENSG00000224635	20	37034657	0.53522267245348
240	ENSG00000224678	1	92580359	0.235162993788542
241	ENSG00000224713	12	58005900	0.140224287831703
242	ENSG00000224763	1	211833530	0.0175322195287949
243	ENSG00000224786	4	123651702	0.656253106975289
244	ENSG00000224796	6	33047227	0.000581884047839905
245	ENSG00000224829	11	77024650	0.369730005478518
246	ENSG00000224854	9	21967136	0.367475851032493
247	ENSG00000224891	2	37375672	0.053206100952953
248	ENSG00000224928	2	219818122	0.315962353035335
249	ENSG00000224936	6	30436658	0.311406097316751
250	ENSG00000224961	20	10733737	0.10239865224255
251	ENSG00000224965	1	110751455	0.0188573140879224
252	ENSG00000225007	22	19654545	0.605049216121876
253	ENSG00000225039	13	30993655	0.234857177967757
254	ENSG00000225062	2	219231387	0.397588662168402
255	ENSG00000225096	6	58291907	0.916116873975197
256	ENSG00000225279	1	160032277	0.386678973202861
257	ENSG00000225308	7	21259831	0.995800258896894
258	ENSG00000225342	12	40579810	0.0328607452705865
259	ENSG00000225355	10	37283950	0.620855855196535
260	ENSG00000225398	2	114299513	0.641697570797813
261	ENSG00000225399	3	49297517	0.247151388051868
262	ENSG00000225408	9	5719020	0.0879220942362166
263	ENSG00000225462	1	187532192	0.238376289484061
264	ENSG00000225472	9	14317083	0.0133452212719618
265	ENSG00000225531	9	109879109	0.017851106356565
266	ENSG00000225544	22	22239620	0.650613844260076
267	ENSG00000225595	6	28827401	0.426217093453961
268	ENSG00000225670	1	159165774	0.0799779324552421
269	ENSG00000225698	14	107198931	0.00355633729314214
270	ENSG00000225704	1	171314227	0.0283129693749254
271	ENSG00000225706	9	8858129	0.33366252543125
272	ENSG00000225731	21	44153703	0.143191280685969
273	ENSG00000225746	14	101403737	0.0194802381033195
274	ENSG00000225792	7	26411763	0.400089366921126
275	ENSG00000225822	3	196158234	0.205247558191787
276	ENSG00000225849	20	45092540	0.772645358655042
277	ENSG00000225868	19	38314361	0.00539056843995641
278	ENSG00000225913	10	89367741	0.661033787122949
279	ENSG00000225936	10	118999110	0.140687643159064
280	ENSG00000225938	1	101701238	0.00974735422050809
281	ENSG00000225945	6	37783552	0.619557710699033
282	ENSG00000226138	12	48478832	0.198967591946244
283	ENSG00000226148	1	202765157	0.617983535228879
284	ENSG00000226155	3	195638919	0.0268702259164456
285	ENSG00000226194	6	169770092	0.90244365343775
286	ENSG00000226197	9	13446489	0.981057367615428
287	ENSG00000226239	20	30615555	0.960303580966251
288	ENSG00000226247	2	75878413	0.502519148197244
289	ENSG00000226252	1	47691468	0.35466289021499
290	ENSG00000226306	5	137136881	0.00480995485369275
291	ENSG00000226342	7	63369343	0.0817829140780599
292	ENSG00000226393	9	21321298	0.440387945623136
293	ENSG00000226409	6	125691356	0.456737564903386
294	ENSG00000226432	5	24170478	0.659885156045193
295	ENSG00000226440	6	112557293	0.0667270927030573
296	ENSG00000226468	7	32496574	5.12827730086556e-05
297	ENSG00000226491	2	43024364	0.0865012368350248
298	ENSG00000226530	23	51139362	0.561817965859062
299	ENSG00000226539	2	224569337	0.0103030709539853
300	ENSG00000226571	6	139592498	0.368661709100894
301	ENSG00000226581	7	63361200	0.100656079317609
302	ENSG00000226738	22	50984843	0.165301311540302
303	ENSG00000226786	6	19535174	0.217410718271619
304	ENSG00000226816	7	23245631	0.0396153544048518
305	ENSG00000226819	2	66653866	0.298078208857996
306	ENSG00000226851	7	111968243	0.530442634565071
307	ENSG00000226889	1	161735114	0.568775934755184
308	ENSG00000226900	10	134325129	0.747051030822602
309	ENSG00000226954	22	50111700	0.0977125354700213
310	ENSG00000226965	7	110072295	0.0363223516994952
311	ENSG00000226982	12	89893869	0.640332456491311
312	ENSG00000227060	23	133684002	0.0079504301408976
313	ENSG00000227070	1	51983980	0.15265468838057
314	ENSG00000227082	1	121138613	0.431722410754774
315	ENSG00000227107	2	238521619	0.703275730148861
316	ENSG00000227117	22	30404730	0.86746238529196
317	ENSG00000227135	1	247687980	0.550974687980388
318	ENSG00000227136	10	80027198	0.986616358318104
319	ENSG00000227141	1	179555839	0.415750544060121
320	ENSG00000227176	2	170933733	0.756342330337655
321	ENSG00000227220	6	132272085	0.49062500498422
322	ENSG00000227260	3	30566236	0.0127302489601771
323	ENSG00000227295	1	158145639	0.397727090903717
324	ENSG00000227374	10	131567107	0.145314793571847
325	ENSG00000227379	20	25348910	0.741051460764084
326	ENSG00000227401	20	34176245	0.671958188717532
327	ENSG00000227404	7	38694804	0.165716796516789
328	ENSG00000227407	19	54941831	0.312497697239381
329	ENSG00000227438	21	47513177	0.00747083597196156
330	ENSG00000227440	3	172546525	0.00312458182516292
331	ENSG00000227449	9	46687461	0.535683978212439
332	ENSG00000227484	22	50753059	0.591396782495027
333	ENSG00000227544	7	35754643	0.00647703104298158
334	ENSG00000227582	9	66516696	0.404350830931096
335	ENSG00000227627	6	153304884	0.441852209425397
336	ENSG00000227692	2	187229324	0.571472621683507
337	ENSG00000227755	22	23788784	0.930449267282609
338	ENSG00000227777	1	168511974	0.77842287866285
339	ENSG00000227888	8	12219526	0.784138884856256
340	ENSG00000227910	7	63385164	0.232541551419521
341	ENSG00000227959	1	16481705	0.581100192976046
342	ENSG00000227972	10	54170894	0.0462935058800927
343	ENSG00000227999	21	45893605	0.888537330514206
344	ENSG00000228039	22	24305941	0.163554221040831
345	ENSG00000228063	1	219259943	0.175077102295538
346	ENSG00000228118	17	69617118	0.715948298142774
347	ENSG00000228168	3	39376469	0.150695700424403
348	ENSG00000228214	3	28616281	0.888065476416232
349	ENSG00000228307	9	36013180	0.688436941836285
350	ENSG00000228314	21	15215453	0.593052932833856
351	ENSG00000228330	10	13184184	0.462868344987707
352	ENSG00000228485	10	120968042	0.187417451569755
353	ENSG00000228499	2	236791005	0.279613877931624
354	ENSG00000228536	1	219583022	0.982854250975515
355	ENSG00000228541	2	62690261	0.21184841933543
356	ENSG00000228549	1	17197439	0.740971057058489
357	ENSG00000228569	7	156225216	0.00726101239499159
358	ENSG00000228629	19	37019219	0.945824851550816
359	ENSG00000228643	2	286418	0.463642688990561
360	ENSG00000228666	6	28936906	0.505820149986969
361	ENSG00000228692	6	164007614	0.643408132066542
362	ENSG00000228695	16	55794459	0.303980397321758
363	ENSG00000228709	21	45905459	0.145724361710332
364	ENSG00000228718	6	2637169	0.000678389498403159
365	ENSG00000228753	10	21317927	0.740529282721211
366	ENSG00000228767	3	35257196	0.360357147110848
367	ENSG00000228791	3	24535577	0.519740478518735
368	ENSG00000228793	6	3594480	0.696876991837517
369	ENSG00000228802	2	224830417	0.718535494442208
370	ENSG00000228962	6	32358286	0.10725042259774
371	ENSG00000228983	17	19483255	0.00300232395346199
372	ENSG00000229017	6	143287557	0.979016754634419
373	ENSG00000229029	9	14593574	0.82247014353889
374	ENSG00000229081	10	134334330	0.0745197792639844
375	ENSG00000229108	7	15728002	0.104424895642964
376	ENSG00000229116	10	44787705	0.676922719829629
377	ENSG00000229151	23	51099795	0.973688332874469
378	ENSG00000229178	3	195382435	0.613128069543134
379	ENSG00000229207	9	34318404	0.265469897417096
380	ENSG00000229230	20	33805811	0.945069894986209
381	ENSG00000229321	2	207731518	0.253558884250682
382	ENSG00000229481	19	38320190	0.00474520783703803
383	ENSG00000229484	1	12587765	0.0352846211558668
384	ENSG00000229498	2	86042252	0.0431114858533568
385	ENSG00000229519	1	6607964	0.0371339858850002
386	ENSG00000229536	2	130626765	0.387221763681123
387	ENSG00000229570	1	120038458	0.128945823627905
388	ENSG00000229585	4	54852753	0.104141453867782
389	ENSG00000229588	1	166304120	0.0768875794309671
390	ENSG00000229590	17	56234388	0.0131757707750369
391	ENSG00000229601	23	70633683	0.354491891166074
392	ENSG00000229715	13	32420977	0.862274082562344
393	ENSG00000229750	2	176032631	0.741342857126506
394	ENSG00000229757	1	168547890	0.857744211737008
395	ENSG00000229782	17	4400688	0.655075166345788
396	ENSG00000229800	13	33051410	0.724159506245223
397	ENSG00000229894	4	166198943	0.89110323998624
398	ENSG00000229927	10	46914150	0.0461684476872323
399	ENSG00000229970	7	8301893	0.0618110497106626
400	ENSG00000230018	10	115242374	0.71096591922574
401	ENSG00000230024	1	219608493	0.112277430146518
402	ENSG00000230061	21	45834472	0.911388371759539
403	ENSG00000230138	1	53832339	0.602535199440707
404	ENSG00000230140	2	101589109	0.244730757897926
405	ENSG00000230147	9	93931866	0.465266522873597
406	ENSG00000230267	16	32114565	0.73513257997074
407	ENSG00000230303	9	88400636	0.474866987546271
408	ENSG00000230360	9	84701069	0.267789250046673
409	ENSG00000230387	20	23168764	0.0773633717324061
410	ENSG00000230393	2	100721380	0.368765945764124
411	ENSG00000230435	7	11446581	0.0475223138729277
412	ENSG00000230478	23	86680585	0.691330751542788
413	ENSG00000230490	13	33929342	0.219204303908888
414	ENSG00000230495	20	17579899	0.20514525628659
415	ENSG00000230528	17	20339649	0.615389767257494
416	ENSG00000230530	3	45720534	0.0111925003049329
417	ENSG00000230533	6	137994596	0.826293349660994
418	ENSG00000230534	10	35386933	0.770367409553795
419	ENSG00000230584	13	79483053	0.1447556897843
420	ENSG00000230587	2	43324883	0.118132823584699
421	ENSG00000230606	2	98081082	0.189040768627479
422	ENSG00000230613	20	30155509	0.769275143289425
423	ENSG00000230641	13	27746395	0.667071959802687
424	ENSG00000230646	2	131185303	0.58489206726881
425	ENSG00000230697	3	20049343	0.213916689257578
426	ENSG00000230712	22	24644041	0.412043446725205
427	ENSG00000230728	1	55087149	0.379894843917321
428	ENSG00000230735	1	90095283	0.00468169515597165
429	ENSG00000230756	2	130970442	0.617072486377286
430	ENSG00000230773	2	48168834	0.63426007596024
431	ENSG00000230838	2	216582765	1.82101529080889e-07
432	ENSG00000230839	20	1784661	0.074803943021266
433	ENSG00000230849	1	173110238	0.650816660629563
434	ENSG00000230927	7	92042289	0.903019282084704
435	ENSG00000230970	3	42744144	0.0155802490667535
436	ENSG00000230987	1	189958699	0.00690656749888715
437	ENSG00000231007	9	89626566	0.0963249658819164
438	ENSG00000231024	2	69927323	0.0235711522115768
439	ENSG00000231066	23	14852597	0.255001122560984
440	ENSG00000231086	22	19112391	0.069487679687545
441	ENSG00000231104	10	119776997	0.866505351621718
442	ENSG00000231121	12	77718420	0.0255423736665137
443	ENSG00000231170	7	95225993	0.0702927487629295
444	ENSG00000231196	1	147762995	0.0717657246066205
445	ENSG00000231246	1	112719855	0.809856698932034
446	ENSG00000231258	17	20487070	0.330320064338648
447	ENSG00000231271	22	24292104	0.295174086586831
448	ENSG00000231310	3	176762648	0.0458296103115302
449	ENSG00000231367	2	38633869	0.441449099706385
450	ENSG00000231426	6	140175986	0.0540941579944372
451	ENSG00000231431	2	132046325	0.0801504626121406
452	ENSG00000231445	2	162933866	0.865493282723849
453	ENSG00000231459	9	27245681	0.194177626770272
454	ENSG00000231465	9	125233636	0.198247070015579
455	ENSG00000231485	1	65532309	0.0452466635284154
456	ENSG00000231518	9	35930008	0.0240391179449988
457	ENSG00000231680	11	64161813	0.0524160456795776
458	ENSG00000231691	1	204246132	0.465868993446921
459	ENSG00000231702	1	943455	0.636770982803387
460	ENSG00000231705	10	134232586	0.980604379058658
461	ENSG00000231715	20	49096303	0.913024023694026
462	ENSG00000231769	6	46064829	0.0809638951876581
463	ENSG00000231829	10	96901681	0.598022202924557
464	ENSG00000231830	23	153562309	0.105054615848016
465	ENSG00000231865	11	116756761	0.077661225933334
466	ENSG00000231868	1	6503093	0.575974623223312
467	ENSG00000231881	6	44041649	0.0125011003213506
468	ENSG00000231967	9	5356311	0.00165373533657028
469	ENSG00000232046	2	66801161	0.620002396874717
470	ENSG00000232053	7	135777672	0.076545614592576
471	ENSG00000232054	23	123414379	0.706114975604603
472	ENSG00000232075	10	65394076	0.187223134506481
473	ENSG00000232093	1	155017666	0.321785840404259
474	ENSG00000232110	10	91043521	0.899853903828633
475	ENSG00000232202	2	43053461	0.875646331917838
476	ENSG00000232311	6	110147724	0.0381882758048955
477	ENSG00000232344	17	17913956	0.0527946155917523
478	ENSG00000232415	7	73473905	0.128599659108396
479	ENSG00000232460	11	121232558	0.675332997194803
480	ENSG00000232491	7	66021202	0.212218057678225
481	ENSG00000232517	5	54104037	0.580591014251428
482	ENSG00000232578	5	93928472	0.0116252808853454
483	ENSG00000232633	5	112658724	0.124802491286771
484	ENSG00000232642	2	24388752	0.545969131795814
485	ENSG00000232679	1	222215046	4.87433280719691e-06
486	ENSG00000232680	19	35923858	0.0472575630209116
487	ENSG00000232706	10	52436502	0.0611323864618652
488	ENSG00000232724	17	73070400	0.0393268533985784
489	ENSG00000232775	22	16157078	0.0106693657242343
490	ENSG00000232780	1	119977078	0.329351136920186
491	ENSG00000232862	1	36545666	0.13450861412997
492	ENSG00000232876	6	135376170	0.0396797521438611
493	ENSG00000232949	7	22629323	0.13731953969886
494	ENSG00000233090	17	15696175	0.284983124303804
495	ENSG00000233117	10	4243332	0.00464807515161984
496	ENSG00000233121	3	13968309	0.410054254906148
497	ENSG00000233158	2	95578176	0.272389753780221
498	ENSG00000233170	8	37604853	0.223622288791631
499	ENSG00000233190	10	32520776	0.947924431247124
500	ENSG00000233214	19	35914963	0.480831858060681
501	ENSG00000233221	2	131588550	0.287183199171969
502	ENSG00000233237	6	72054046	0.525400578512701
503	ENSG00000233334	10	126392193	0.0548853365990013
504	ENSG00000233370	2	110941630	0.8479960297983
505	ENSG00000233388	22	35897907	0.425184783156266
506	ENSG00000233416	2	20806039	0.637925604475756
507	ENSG00000233421	1	16860380	0.893711159248609
508	ENSG00000233514	1	44587824	0.51014755797191
509	ENSG00000233529	6	30913755	0.917952350626027
510	ENSG00000233532	13	107028910	0.000302154625607778
511	ENSG00000233542	1	1944651	0.00128330147160607
512	ENSG00000233589	1	68944811	0.0116635828183746
513	ENSG00000233623	1	10118728	0.42798774408483
514	ENSG00000233626	1	212109590	0.671348443683461
515	ENSG00000233708	1	43352267	0.687920132836905
516	ENSG00000233723	2	58654933	0.534228688391209
517	ENSG00000233766	2	192711264	0.417794829405885
518	ENSG00000233817	9	116381507	0.338171839978116
519	ENSG00000233818	21	37818028	0.000158018337028506
520	ENSG00000233836	19	23945745	0.722307880177919
521	ENSG00000233858	8	49502960	0.0526981023697852
522	ENSG00000233916	6	29675901	0.33831630637584
523	ENSG00000233929	1	16567707	0.0736607124451795
524	ENSG00000233942	7	95101146	0.330359398623777
525	ENSG00000233956	21	34890916	0.15448200345216
526	ENSG00000233966	17	15607545	0.116144175159361
527	ENSG00000234026	10	96987999	0.0434873884288056
528	ENSG00000234080	1	50791802	0.885183039279595
529	ENSG00000234091	10	13771382	0.137784484421644
530	ENSG00000234141	7	7989483	0.0639134521694311
531	ENSG00000234206	6	107831006	0.869144464350186
532	ENSG00000234219	1	207935928	0.95840237876814
533	ENSG00000234235	2	242483817	0.704493305456062
534	ENSG00000234281	2	211189482	0.774727408151187
535	ENSG00000234292	5	90575913	0.860157877620676
536	ENSG00000234336	7	28219940	0.518114555948916
537	ENSG00000234405	23	102752450	0.580281493581249
538	ENSG00000234459	7	89895347	0.728364803533778
539	ENSG00000234504	10	45395061	0.0321154693871249
540	ENSG00000234515	6	32846947	0.777207395881651
541	ENSG00000234535	13	34185103	0.632575146860125
542	ENSG00000234617	3	43391135	0.497465163813748
543	ENSG00000234667	3	49910779	0.942539039376564
544	ENSG00000234699	10	105212602	0.589563756556981
545	ENSG00000234770	8	27417790	0.0036699012737749
546	ENSG00000234806	10	70184316	0.293372953780853
547	ENSG00000234807	1	59250822	0.345862832408273
548	ENSG00000234810	1	56046709	0.676530527043852
549	ENSG00000234998	1	120906608	0.124086575405312
550	ENSG00000235020	10	18523096	0.132375073800944
551	ENSG00000235071	23	16492464	0.00125884443061873
552	ENSG00000235079	1	71514537	0.00629241401588941
553	ENSG00000235090	7	75552072	0.191762980267068
554	ENSG00000235105	1	48901638	0.124139245930014
555	ENSG00000235151	2	242786531	0.842055466662321
556	ENSG00000235172	5	169758432	0.0890561875526634
557	ENSG00000235213	14	23171351	0.141877360755893
558	ENSG00000235288	3	42846695	0.9535789075388
559	ENSG00000235366	13	46255224	0.0732308760575261
560	ENSG00000235385	23	13284166	0.0750478284885877
561	ENSG00000235413	4	17913296	0.483550538971253
562	ENSG00000235436	7	89748713	0.115932388255695
563	ENSG00000235438	13	21834153	0.51464083734839
564	ENSG00000235482	3	37789600	0.312070438606026
565	ENSG00000235489	10	65928714	0.273261192213314
566	ENSG00000235500	13	19466399	0.547711452595885
567	ENSG00000235574	7	27531300	0.0298654382421228
568	ENSG00000235586	2	38828739	0.0255204189358243
569	ENSG00000235641	9	93921854	0.0109669328796366
570	ENSG00000235688	2	945319	0.979055527919996
571	ENSG00000235721	2	110765251	0.00126504249729976
572	ENSG00000235748	1	197107877	0.00227424492254088
573	ENSG00000235781	6	30484042	0.310506030062139
574	ENSG00000235806	23	38629583	0.238758858846244
575	ENSG00000235830	3	9298442	0.0151160754577309
576	ENSG00000235890	21	45926689	0.195360884482163
577	ENSG00000235902	4	186587038	0.792836147713337
578	ENSG00000235904	3	29305684	0.78693805807941
579	ENSG00000235939	10	50627322	0.0382096232132591
580	ENSG00000235997	2	30569524	0.865260211460345
581	ENSG00000236114	10	44018703	0.0637773383397367
582	ENSG00000236132	22	32212364	0.810896508698729
583	ENSG00000236153	2	181844153	0.887215068579618
584	ENSG00000236155	1	26536231	0.035869404065708
585	ENSG00000236165	3	37017806	0.378321262509562
586	ENSG00000236166	6	132406223	0.198561097002758
587	ENSG00000236319	17	53604324	0.60199719026668
588	ENSG00000236333	12	72647287	0.933405678988406
589	ENSG00000236348	2	17566357	0.0568882764660527
590	ENSG00000236360	1	53458867	0.919277192579808
591	ENSG00000236394	9	139947225	0.293105969194832
592	ENSG00000236411	3	37831411	0.28380088447289
593	ENSG00000236434	1	51730587	0.854881499250751
594	ENSG00000236471	21	16439390	0.0471747963823228
595	ENSG00000236481	16	26596075	0.461519254149986
596	ENSG00000236510	7	3682446	0.377438422909557
597	ENSG00000236583	8	100245275	0.0261808517159914
598	ENSG00000236592	7	35208835	0.392006925928483
599	ENSG00000236683	23	26766145	0.000396253716643527
600	ENSG00000236708	7	3303663	0.0502057034882941
601	ENSG00000236710	11	3105622	0.871942469782036
602	ENSG00000236732	3	32192574	0.00325245186291384
603	ENSG00000236797	10	77142150	0.13738281679768
604	ENSG00000236882	5	95187935	0.327306420719302
605	ENSG00000236993	10	57427100	0.700333414824444
606	ENSG00000236998	9	71403222	0.424481521078264
607	ENSG00000237064	7	109599274	0.958335252201835
608	ENSG00000237135	10	31207940	0.627533309008816
609	ENSG00000237154	6	27375475	0.533441360306979
610	ENSG00000237233	10	63212396	0.221110651970807
611	ENSG00000237234	6	112475966	0.0352644515903902
612	ENSG00000237259	20	18294408	0.370477175764687
613	ENSG00000237260	2	177203364	0.657676981003022
614	ENSG00000237307	23	136058575	0.391680588478805
615	ENSG00000237352	1	59522314	0.506641222112033
616	ENSG00000237398	6	33098992	0.0139007983077302
617	ENSG00000237438	22	17517459	0.0697899390875148
618	ENSG00000237510	2	96455401	0.564827284894004
619	ENSG00000237513	7	104581509	0.102896464430078
620	ENSG00000237520	1	235092977	0.996921386471388
621	ENSG00000237529	9	85891290	0.681647055303523
622	ENSG00000237588	1	156657486	0.0233258014063962
623	ENSG00000237624	1	39980627	0.771608042023937
624	ENSG00000237632	7	102902446	0.86713381462378
625	ENSG00000237637	13	32599450	0.134225871103292
626	ENSG00000237647	8	687650	0.00219086790787688
627	ENSG00000237742	6	125899703	0.000112725206300123
628	ENSG00000237766	12	67659621	0.99911100412284
629	ENSG00000237775	6	30834758	0.222183869405152
630	ENSG00000237813	7	115878313	0.0042448579409832
631	ENSG00000237887	2	54756479	0.639057755023198
632	ENSG00000237943	10	6622380	0.0719301162101506
633	ENSG00000237949	10	60759385	0.203001145064759
634	ENSG00000237978	3	178244292	0.132768962019893
635	ENSG00000238086	13	48890998	0.0567394556938605
636	ENSG00000238107	1	147767286	0.286557695809802
637	ENSG00000238171	2	181940777	0.222640677170412
638	ENSG00000238246	10	20359733	0.197536568671201
639	ENSG00000238290	1	8086797	0.544689422809967
640	ENSG00000238406	9	131306194	0.0100885953957643
641	ENSG00000238829	2	202006626	0.784843030076056
642	ENSG00000238934	1	161110997	0.571520634012989
643	ENSG00000239317	5	145518333	0.0718562808849185
644	ENSG00000239405	3	128256862	0.473016950591037
645	ENSG00000239413	12	101818218	0.74369322161211
646	ENSG00000239532	4	37822982	0.629107468461155
647	ENSG00000239593	9	124042140	0.114779389828116
648	ENSG00000239602	5	145517317	0.720613214893991
649	ENSG00000239801	3	57614536	0.0362617922763944
650	ENSG00000239804	3	125506730	0.184829633443991
651	ENSG00000239828	3	106991476	0.445251639706138
652	ENSG00000239959	3	75495919	0.922389584817388
653	ENSG00000240106	19	16650498	0.713613205135848
654	ENSG00000240240	9	42410362	0.00868497666726563
655	ENSG00000240338	16	75259971	0.58400662643805
656	ENSG00000240366	15	75478991	0.114883432041176
657	ENSG00000240441	12	108113375	0.142751375074692
658	ENSG00000240602	3	151488215	0.710813598058605
659	ENSG00000240625	6	43003935	0.0359597896658813
660	ENSG00000240710	1	204572162	0.156925116466789
661	ENSG00000240808	11	17159522	0.0156606991581462
662	ENSG00000240929	1	149369721	0.264723404884798
663	ENSG00000241218	3	107046676	0.287275250248335
664	ENSG00000241307	3	155478405	0.713583437581054
665	ENSG00000241418	23	130929684	0.0567757315827473
666	ENSG00000241684	3	64670584	0.478405553351227
667	ENSG00000241720	1	110268441	0.561095607699483
668	ENSG00000241765	12	69816435	0.472474863568452
669	ENSG00000241782	11	77579767	0.467084423382001
670	ENSG00000241985	3	149366783	0.765413005457739
671	ENSG00000242052	3	119354372	0.00284740803910205
672	ENSG00000242078	7	129423209	0.993672139201171
673	ENSG00000242104	3	141382040	0.730821135367245
674	ENSG00000242199	3	124452264	0.0205449511427028
675	ENSG00000242288	10	75434052	0.365925460391341
676	ENSG00000242353	11	30389694	0.0315882095517508
677	ENSG00000242405	12	12308195	0.949915032324138
678	ENSG00000242607	8	12427858	0.445759414963058
679	ENSG00000242611	7	77037	0.490960757617579
680	ENSG00000242634	15	67524783	0.941411561631573
681	ENSG00000242696	2	203221843	0.0129255775531958
682	ENSG00000242941	14	69159806	0.855482076830232
683	ENSG00000243064	21	15646412	0.331386001802587
684	ENSG00000243384	3	58558470	0.343396767697535
685	ENSG00000243422	3	75673836	0.700823560385044
686	ENSG00000243504	8	98877281	0.527307595737634
687	ENSG00000243514	17	70623369	0.110932112032869
688	ENSG00000243609	16	48611434	0.660674311817541
689	ENSG00000243642	19	58581337	0.0432067492111203
690	ENSG00000243659	1	27637730	0.635758743630683
691	ENSG00000243738	9	123965436	0.432306267183294
692	ENSG00000243742	11	61382507	0.000307081903037748
693	ENSG00000243854	12	19456413	0.599409462038264
694	ENSG00000244019	5	76841221	0.60038744191235
695	ENSG00000244124	3	141637093	0.556773576368404
696	ENSG00000244176	11	61779222	0.449545802503937
697	ENSG00000244196	3	109190175	0.276874569585638
698	ENSG00000244381	3	169427082	0.836606928574841
699	ENSG00000244433	1	95138473	0.987626023818565
700	ENSG00000244468	3	149002568	0.0930276769728077
701	ENSG00000244527	18	18699142	0.468922269940695
702	ENSG00000244564	3	64430906	0.179497548701795
703	ENSG00000244593	8	18240783	0.714688131632738
704	ENSG00000244699	3	75433209	0.091503209177958
705	ENSG00000244753	17	10763851	0.0121286113833875
706	ENSG00000244756	14	61038741	0.922241868696389
707	ENSG00000244953	11	43965336	0.997612577655435
708	ENSG00000245025	8	22842108	0.0393514349769737
709	ENSG00000245330	8	120879658	0.10101629935423
710	ENSG00000245869	11	118756549	0.0441165631005662
711	ENSG00000246448	4	144621409	0.541567281742385
712	ENSG00000247925	6	11173684	0.0683130054709872
713	ENSG00000247970	14	100070892	0.281903001240982
714	ENSG00000248113	4	83501269	0.431996992972936
715	ENSG00000248115	4	53811815	0.884061465831818
716	ENSG00000248180	4	88128243	0.709594360127672
717	ENSG00000248196	4	88087995	0.355816758091568
718	ENSG00000248235	8	22446786	0.460717765582868
719	ENSG00000248362	5	147265648	9.5418736604124e-05
720	ENSG00000248459	3	129717373	0.390365576180452
721	ENSG00000248468	3	131236674	0.409957745316961
722	ENSG00000248491	4	128018252	0.987102581480977
723	ENSG00000248576	12	54556922	0.169433012102159
724	ENSG00000248587	5	37840539	0.837329077869021
725	ENSG00000248626	5	159377499	0.586650738464939
726	ENSG00000248632	4	165889738	0.407769621221452
727	ENSG00000248693	5	18704541	0.11937531204099
728	ENSG00000248698	4	14113591	0.114250912580143
729	ENSG00000248774	4	174243356	0.174623389168169
730	ENSG00000248810	4	142240603	0.150953160271627
731	ENSG00000248830	19	35033366	0.392438123258052
732	ENSG00000248873	5	42465501	0.152130934870971
733	ENSG00000248884	5	67726253	0.322103061202712
734	ENSG00000248896	8	10586823	0.641730586463181
735	ENSG00000248925	5	269972	0.0498715673458589
736	ENSG00000248968	5	10248436	0.279104250578191
737	ENSG00000248994	5	1933976	0.0625318700161082
738	ENSG00000249001	4	88489186	0.0133207799969724
739	ENSG00000249013	4	156927629	0.141191493325665
740	ENSG00000249072	4	78929665	0.742768962588233
741	ENSG00000249085	5	72090231	0.32909457875178
742	ENSG00000249159	5	8387750	0.147419148143547
743	ENSG00000249210	19	47061897	0.776605535178813
744	ENSG00000249245	4	146545310	0.361357526829187
745	ENSG00000249258	8	16988689	0.467243922023336
746	ENSG00000249274	3	98501031	0.293360259036542
747	ENSG00000249293	5	73073863	0.569489749695987
748	ENSG00000249304	4	114864411	0.37110200548227
749	ENSG00000249609	4	169750069	0.86550013886446
750	ENSG00000249624	21	34619078	0.199274884197455
751	ENSG00000249650	5	602734	0.362296788100551
752	ENSG00000249661	4	141562993	0.741349496308614
753	ENSG00000249669	5	148786251	0.376185696491071
754	ENSG00000249706	4	54766037	0.397832284931702
755	ENSG00000249721	5	66988639	0.327239652354794
756	ENSG00000249741	4	144832666	0.936729615583742
757	ENSG00000249755	4	89448310	0.762200322290047
758	ENSG00000249767	4	9080748	0.271294661849391
759	ENSG00000249776	5	91745962	0.633431446802899
760	ENSG00000249790	12	8940852	0.433522090556986
761	ENSG00000249797	5	117260702	0.146067751434959
762	ENSG00000249834	5	147686860	0.222272544716039
763	ENSG00000249856	5	74213550	0.153475235710295
764	ENSG00000249859	8	128902873	0.0013014041453267
765	ENSG00000249908	5	767511	0.0877824565495678
766	ENSG00000249916	5	121705456	0.878614237666622
767	ENSG00000249978	7	38374641	0.295493767119214
768	ENSG00000250012	3	125803062	0.157957681073621
769	ENSG00000250015	5	115638050	0.724197009357052
770	ENSG00000250030	4	68311984	0.500061338629908
771	ENSG00000250081	5	64782270	0.262129214876564
772	ENSG00000250155	5	36666315	0.440898009813393
773	ENSG00000250234	5	34656516	0.219253968751128
774	ENSG00000250240	5	95036952	0.0161313587037788
775	ENSG00000250266	4	171195069	0.0820067667491618
776	ENSG00000250282	17	48178067	0.695269700630419
777	ENSG00000250290	8	121647797	0.00142976392251599
778	ENSG00000250327	4	187079049	0.863453868192054
779	ENSG00000250343	5	146559766	0.727143503441873
780	ENSG00000250413	4	10008105	0.154435452671558
781	ENSG00000250420	5	178191861	0.265254250284271
782	ENSG00000250424	7	30893009	0.567384092103675
783	ENSG00000250444	5	114847773	0.0454397855058635
784	ENSG00000250470	22	24319094	0.0325140750816732
785	ENSG00000250471	4	8176147	0.356325634711729
786	ENSG00000250596	4	175444851	0.185871616870578
787	ENSG00000250629	5	38783681	0.507143712731814
788	ENSG00000250643	3	129672947	0.487662851076271
789	ENSG00000250651	4	103817881	0.0486757472635451
790	ENSG00000250654	12	54470621	0.346610395630868
791	ENSG00000250669	5	66985860	0.675326975750988
792	ENSG00000250697	5	33023160	0.02514746530894
793	ENSG00000250794	8	12278540	0.932703500286376
794	ENSG00000250878	13	103532448	0.0188144428675647
795	ENSG00000250934	3	125985638	0.882842032454952
796	ENSG00000250956	5	126515447	0.669950664611149
797	ENSG00000250982	16	28251013	0.555886260677717
798	ENSG00000250986	4	3760474	0.195109145295308
799	ENSG00000251066	5	84845226	0.280944704803844
800	ENSG00000251087	4	9705373	0.41436421496877
801	ENSG00000251187	5	111527882	0.0742926559678557
802	ENSG00000251189	5	38682171	0.354452153309212
803	ENSG00000251235	5	75672499	0.858515926621711
804	ENSG00000251320	5	147266674	9.95173333735492e-06
805	ENSG00000251332	4	37997114	0.373862135798046
806	ENSG00000251363	14	41424102	0.506171943397087
807	ENSG00000251374	5	81560975	0.0150173205459622
808	ENSG00000251402	8	12272588	0.824147073062187
809	ENSG00000251409	5	95171646	0.135610984652735
810	ENSG00000251463	4	119114559	0.790959480243157
811	ENSG00000251468	8	12815895	0.524974202334359
812	ENSG00000251535	4	330046	0.25581775699901
813	ENSG00000251584	4	175457790	0.196076376273936
814	ENSG00000251637	11	67653947	0.0037768301297567
815	ENSG00000251682	5	60642952	0.698089633180588
816	ENSG00000251687	4	146754269	0.651064291043113
817	ENSG00000251819	15	101092024	0.257211962057748
818	ENSG00000252061	15	79191181	0.490553230176409
819	ENSG00000252464	5	178046728	0.435055571353054
820	ENSG00000252498	6	76353799	0.927735484856464
821	ENSG00000252503	4	139976628	0.675223056593543
822	ENSG00000252950	21	33935384	0.133203469788169
823	ENSG00000253123	8	37188189	0.894219661911217
824	ENSG00000253133	8	41391673	0.060165406761168
825	ENSG00000253161	8	37308280	0.00905622538897818
826	ENSG00000253163	5	178804531	0.00666632108196048
827	ENSG00000253177	8	93681063	0.129729563218162
828	ENSG00000253190	8	67024901	0.769912691960517
829	ENSG00000253194	6	119255949	0.154378169590614
830	ENSG00000253295	5	172185228	0.880097464990326
831	ENSG00000253348	5	170174050	0.683362649193743
832	ENSG00000253384	8	17946077	0.0755990870489683
833	ENSG00000253390	8	23316113	0.958821057745934
834	ENSG00000253399	4	1352266	0.189903220275242
835	ENSG00000253475	8	52808516	0.855822134218702
836	ENSG00000253483	8	23340528	0.672768186769535
837	ENSG00000253541	8	57389384	0.279976300907433
838	ENSG00000253616	8	22928889	0.470055550085336
839	ENSG00000253636	8	73964412	0.669841350430491
840	ENSG00000253688	8	49464574	0.765943901411844
841	ENSG00000253736	5	172189982	0.521477598570354
842	ENSG00000253771	13	25498814	0.933870158490179
843	ENSG00000253829	8	38702383	0.059957643342948
844	ENSG00000253853	8	2584857	0.966728530740555
845	ENSG00000253893	8	8025340	0.25333273504921
846	ENSG00000253923	8	103430206	0.102033688853399
847	ENSG00000253931	8	144494918	0.0380957289749631
848	ENSG00000253944	8	17658853	0.173252121055993
849	ENSG00000253983	8	75111630	0.0335127817827928
850	ENSG00000254006	8	65713792	0.0796669100338593
851	ENSG00000254017	9	5113548	0.747098786415229
852	ENSG00000254042	5	168133571	0.301331946009744
853	ENSG00000254057	8	94846681	0.166406596847329
854	ENSG00000254132	5	93904633	0.000294391711540198
855	ENSG00000254143	8	40018976	0.369760912339541
856	ENSG00000254153	8	8314418	0.288855082881685
857	ENSG00000254192	5	168081517	0.802181179687559
858	ENSG00000254204	8	54427729	0.690818516903254
859	ENSG00000254208	8	86089756	0.424896827210232
860	ENSG00000254211	5	173213792	0.189411442515872
861	ENSG00000254274	8	54985673	0.179273607116084
862	ENSG00000254281	8	103991012	0.527865976268758
863	ENSG00000254288	8	74964574	0.465681559405519
864	ENSG00000254337	8	69760976	0.00343799623220035
865	ENSG00000254348	8	48100927	0.454718271645845
866	ENSG00000254362	8	26298006	0.443748510943081
867	ENSG00000254414	15	85175128	0.214887559878496
868	ENSG00000254417	11	69918539	0.108233078744245
869	ENSG00000254418	11	14284391	0.396015371003512
870	ENSG00000254420	11	78035803	0.694529084890504
871	ENSG00000254427	11	45376921	0.3449631364988
872	ENSG00000254429	11	74971170	0.219344806246973
873	ENSG00000254506	11	101455025	0.515533679954471
874	ENSG00000254510	11	66176628	0.418808908071355
875	ENSG00000254527	8	12063267	0.330816225641195
876	ENSG00000254528	11	117704433	0.456895448585808
877	ENSG00000254533	8	145923998	0.106382854861155
878	ENSG00000254545	1	32254730	0.0242532529151785
879	ENSG00000254561	11	119479134	0.477627822140976
880	ENSG00000254602	11	57405496	0.312627061144218
881	ENSG00000254667	11	123301057	0.899608869300098
882	ENSG00000254706	1	162335196	0.969940106510352
883	ENSG00000254810	11	76365212	0.0334597775064695
884	ENSG00000254847	11	12559629	0.256571033015407
885	ENSG00000254859	8	144624142	0.270611904949061
886	ENSG00000254905	11	126162816	0.0230170422679478
887	ENSG00000254912	15	32786203	0.200756326164437
888	ENSG00000254944	11	122831034	0.642384919961877
889	ENSG00000254948	8	11777408	0.202847025940401
890	ENSG00000254965	11	82822101	0.0253762834639551
891	ENSG00000254966	11	18728083	0.38358512961817
892	ENSG00000254967	11	125820010	0.170797533161747
893	ENSG00000254981	8	38258053	0.593033773119145
894	ENSG00000255000	8	146273245	0.58414488009005
895	ENSG00000255046	8	11655436	0.108875262369728
896	ENSG00000255050	8	144655659	0.114465448405922
897	ENSG00000255052	8	11973290	0.0088864148255334
898	ENSG00000255085	8	145925737	0.331503991862423
899	ENSG00000255090	11	122026129	0.00708546591021061
900	ENSG00000255122	8	12437795	0.0392042105992777
901	ENSG00000255222	11	86005801	0.131581859380736
902	ENSG00000255234	11	82997170	0.52894439376475
903	ENSG00000255310	8	10965297	0.294575490043702
904	ENSG00000255328	11	327170	0.0405187440482072
905	ENSG00000255343	8	144915439	0.181087380572053
906	ENSG00000255345	11	78803892	9.78503514840596e-05
907	ENSG00000255353	11	107047011	0.25564549646833
908	ENSG00000255362	11	75921999	0.809523614108802
909	ENSG00000255363	11	76339139	0.471789767659097
910	ENSG00000255382	11	82502703	0.300746473233094
911	ENSG00000255389	6	111921077	0.174038847686168
912	ENSG00000255418	11	23186732	0.898053069981744
913	ENSG00000255421	11	75848358	0.746435304328962
914	ENSG00000255465	11	128485761	0.34615762446148
915	ENSG00000255478	11	65134908	0.760507978230998
916	ENSG00000255479	11	76336505	0.0930963144683203
917	ENSG00000255495	8	12051975	0.0527567044503769
918	ENSG00000255504	11	101018880	0.128459497587071
919	ENSG00000255606	11	69253132	0.818858300460686
920	ENSG00000255621	12	13153384	0.0226258372751555
921	ENSG00000255624	10	124639245	0.202465208874059
922	ENSG00000255642	12	64215800	0.471678235633056
923	ENSG00000255652	12	34343971	0.00616671589250203
924	ENSG00000255655	12	109883214	0.174953941286512
925	ENSG00000255725	12	25956136	0.927274108646877
926	ENSG00000255819	12	10524951	0.00143205463326842
927	ENSG00000255839	12	124192148	0.573131001137728
928	ENSG00000255843	11	72013182	0.223402714552673
929	ENSG00000255864	12	24366189	0.100752426095194
930	ENSG00000255872	9	37588409	0.0966768301505697
931	ENSG00000255909	12	19566086	0.483255766351549
932	ENSG00000255921	12	25102096	0.0171964743079456
933	ENSG00000255966	12	6641455	0.00754186346455159
934	ENSG00000255967	12	8786962	0.36594285434787
935	ENSG00000255986	16	56669650	0.853931576309412
936	ENSG00000256001	12	127629616	0.653793866277892
937	ENSG00000256037	12	67745215	0.0365187127294716
938	ENSG00000256069	12	9381128	0.016018284067068
939	ENSG00000256139	12	109549022	0.683447088169625
940	ENSG00000256407	1	54609064	0.248844504105914
941	ENSG00000256427	12	9399092	0.00129211065136655
942	ENSG00000256552	12	8472976	0.488974219353096
943	ENSG00000256609	12	119619852	0.339684634344668
944	ENSG00000256612	19	41430123	0.587223353998339
945	ENSG00000256632	12	133264634	0.532655092469342
946	ENSG00000256663	12	20704523	0.262566701885923
947	ENSG00000256705	14	102299771	0.121042864541306
948	ENSG00000256720	12	9287679	0.175709379699508
949	ENSG00000256955	12	132341964	0.000227937790615504
950	ENSG00000257002	11	62677017	0.297725039528051
951	ENSG00000257043	11	18686596	0.116735181446931
952	ENSG00000257086	11	64014410	0.0335918257467241
953	ENSG00000257121	12	95494306	0.833543669976791
954	ENSG00000257150	12	96043030	0.869822826558583
955	ENSG00000257199	12	77377858	0.55955701726155
956	ENSG00000257210	12	93517838	0.0544201062452977
957	ENSG00000257322	12	93397190	0.822068695394288
958	ENSG00000257341	14	105953535	0.531513614592711
959	ENSG00000257345	12	93392993	0.258760308413784
960	ENSG00000257431	12	82906455	0.126981486811575
961	ENSG00000257496	12	46778015	0.972089673930439
962	ENSG00000257605	12	53692448	0.0286146231650788
963	ENSG00000257647	15	25272882	0.0638433494323335
964	ENSG00000257735	12	48744727	0.0022532909761168
965	ENSG00000257803	12	100972521	0.217967161958007
966	ENSG00000257817	12	115151615	0.29103424399342
967	ENSG00000257924	12	47747536	0.907524670128748
968	ENSG00000257925	12	47631516	0.00211994008482408
969	ENSG00000257953	12	58230874	0.4562397054897
970	ENSG00000257999	12	105496249	0.381528771563855
971	ENSG00000258010	15	80726135	0.961951446047212
972	ENSG00000258086	12	54747575	0.0609995252428279
973	ENSG00000258092	12	2906301	0.132440996402165
974	ENSG00000258100	12	91755972	0.743882311848806
975	ENSG00000258116	12	47735396	0.445266768977231
976	ENSG00000258128	12	88175939	0.929727632271864
977	ENSG00000258168	12	70861859	0.440219718981992
978	ENSG00000258230	12	102166891	0.444172060705242
979	ENSG00000258249	12	117037074	0.11551749898986
980	ENSG00000258376	14	73710725	0.694663514169084
981	ENSG00000258399	14	101361106	0.00284070405172184
982	ENSG00000258404	14	102100790	0.225532022404745
983	ENSG00000258424	14	90868866	0.702748608195442
984	ENSG00000258435	12	121829764	0.433237807540125
985	ENSG00000258439	14	75124751	0.34783918844992
986	ENSG00000258443	14	73983936	0.397813253570061
987	ENSG00000258446	14	91885792	0.191037667138719
988	ENSG00000258501	14	82382574	0.987082386321442
989	ENSG00000258520	14	69705882	0.364654520331885
990	ENSG00000258555	22	24666865	0.979637079768262
991	ENSG00000258572	14	95982472	0.0213575409101254
992	ENSG00000258590	15	20862966	0.00140743116996457
993	ENSG00000258603	14	74083411	0.442654547149441
994	ENSG00000258604	14	21492330	0.27839551648998
995	ENSG00000258623	14	69150127	0.242240602955938
996	ENSG00000258636	14	42057063	0.532229948754254
997	ENSG00000258657	14	25064928	0.826568648789418
998	ENSG00000258679	12	57216768	0.0573070393842938
999	ENSG00000258695	14	73989581	0.686527894352908
1000	ENSG00000258789	14	89017940	0.33519814550358
1001	ENSG00000258794	12	34361349	0.0302231168907861
1002	ENSG00000258847	14	66424014	0.0770452354797033
1003	ENSG00000258857	14	50863730	0.889547909594721
1004	ENSG00000258919	14	102095320	0.108675317690974
1005	ENSG00000258926	14	62004225	0.260976420810746
1006	ENSG00000258943	14	63764843	0.610585920958827
1007	ENSG00000258952	14	61107447	0.0524565350040272
1008	ENSG00000258983	14	88965677	0.895719451993109
1009	ENSG00000258987	14	94405900	0.111493722289575
1010	ENSG00000258998	14	45232359	0.796851670492108
1011	ENSG00000258999	14	81573376	0.642168037196228
1012	ENSG00000259040	6	7881754	0.711779174112983
1013	ENSG00000259093	14	63589750	0.100485024309661
1014	ENSG00000259113	14	50915524	0.0296882206641979
1015	ENSG00000259138	14	75593855	0.110430807017875
1016	ENSG00000259155	14	50144086	0.181157328534884
1017	ENSG00000259171	14	21152745	0.431260889270935
1018	ENSG00000259236	15	102311960	0.0619168761448795
1019	ENSG00000259318	14	55861657	0.830665796738901
1020	ENSG00000259319	14	75890385	0.0152105594734697
1021	ENSG00000259353	15	59149029	0.95493627680289
1022	ENSG00000259359	15	96714809	0.0542775873471302
1023	ENSG00000259367	15	86162853	0.142633905117951
1024	ENSG00000259392	15	33129183	0.0688757822676872
1025	ENSG00000259405	15	41240933	0.41090723552149
1026	ENSG00000259425	15	23096868	0.931509790411256
1027	ENSG00000259430	15	100913143	0.208487633311179
1028	ENSG00000259459	15	63682334	0.409798519191236
1029	ENSG00000259519	15	45462541	0.226648748090418
1030	ENSG00000259542	15	96936374	0.0661548306633841
1031	ENSG00000259546	15	81188530	0.592611490126812
1032	ENSG00000259548	15	80124807	0.839309567665904
1033	ENSG00000259584	15	40367404	0.282373199126216
1034	ENSG00000259628	7	76673037	0.556267296881778
1035	ENSG00000259649	15	81188531	0.383767825891362
1036	ENSG00000259660	15	102291234	0.509044579224835
1037	ENSG00000259665	15	35373344	0.0105747366039111
1038	ENSG00000259683	15	84944426	0.133071366574718
1039	ENSG00000259704	15	91382953	0.272342135852888
1040	ENSG00000259709	15	52416757	0.0120189212699667
1041	ENSG00000259738	15	59157204	0.10785037981053
1042	ENSG00000259744	15	71141221	0.854197139546245
1043	ENSG00000259747	15	38964047	0.0833437981937331
1044	ENSG00000259780	16	2285689	0.653266898519099
1045	ENSG00000259783	15	72900827	0.948743618733057
1046	ENSG00000259799	11	68923377	0.553014031458284
1047	ENSG00000259807	16	29228490	0.000579625462668618
1048	ENSG00000259834	1	111196181	2.70535615843527e-07
1049	ENSG00000259869	10	43246625	0.219503060134418
1050	ENSG00000259883	15	42213614	0.0040446051091103
1051	ENSG00000259884	12	52452242	0.408592349536055
1052	NA	NA	NA	0.0183865659122213
1053	ENSG00000259920	7	130121331	0.187480261355124
1054	ENSG00000259969	14	58460262	0.851722087771808
1055	ENSG00000260025	2	36581891	0.801134239156498
1056	ENSG00000260078	16	53398893	0.195092386295753
1057	ENSG00000260105	17	41019295	0.467273979246645
1058	ENSG00000260123	15	89584453	0.00374118587406929
1059	ENSG00000260128	15	30864940	0.710594558486323
1060	ENSG00000260132	16	1458834	0.191595007406892
1061	ENSG00000260173	15	72432844	0.0296876309869754
1062	ENSG00000260176	16	2694084	0.758054892886784
1063	ENSG00000260209	11	125742925	0.829150520262197
1064	ENSG00000260277	16	22094576	0.170364071270664
1065	ENSG00000260284	16	1336351	0.488337537914663
1066	ENSG00000260302	18	12774649	0.974912188263765
1067	NA	NA	NA	0.847093930454005
1068	ENSG00000260398	8	79518186	0.178794295577067
1069	ENSG00000260409	15	20935075	0.460816864945233
1070	ENSG00000260412	9	27937614	0.0315713155192322
1071	ENSG00000260454	9	93759335	3.25073494259141e-05
1072	ENSG00000260455	6	22135185	0.743818166763878
1073	ENSG00000260498	16	87807093	0.025220547200777
1074	ENSG00000260500	19	7983536	0.00794097257495371
1075	ENSG00000260509	13	25874261	0.122336983667059
1076	ENSG00000260549	16	56651387	0.126759095364919
1077	ENSG00000260578	18	65149027	0.00315718242862713
1078	ENSG00000260608	15	83681412	0.121234914941682
1079	ENSG00000260633	3	134066129	0.27310896749313
1080	ENSG00000260645	6	81176674	0.844875272970776
1081	NA	NA	NA	0.038699643310365
1082	ENSG00000260664	16	72459846	0.0157683422830297
1083	ENSG00000260686	5	122168050	0.00571695522892358
1084	NA	NA	NA	0.496558277823086
1085	ENSG00000260693	15	30832295	0.274993022130684
1086	ENSG00000260714	16	25027298	0.176879489501965
1087	ENSG00000260742	2	182752577	0.0577580398284831
1088	ENSG00000260757	16	31413885	0.00129579099747285
1089	ENSG00000260798	16	68848232	0.190717153224185
1090	ENSG00000260838	8	73859384	0.642932963727392
1091	ENSG00000260844	15	29008585	0.833079138389419
1092	ENSG00000260886	16	71599691	0.176991426684612
1093	ENSG00000260918	4	47433976	0.234308209170042
1094	ENSG00000260920	1	40929990	0.490918169225506
1095	ENSG00000260924	22	19158907	0.130219937014289
1096	ENSG00000260932	16	83963400	0.192301524101967
1097	ENSG00000260942	2	241522116	0.733796633908697
1098	ENSG00000260947	9	33697456	0.720921440869221
1099	ENSG00000260953	16	29273593	0.00234274770004938
1100	ENSG00000260977	2	47004921	0.624908964385239
1101	ENSG00000261026	8	22536525	0.311755166372001
1102	ENSG00000261033	17	19911363	0.82999123076103
1103	ENSG00000261060	1	179559506	0.135975955311413
1104	ENSG00000261061	16	81064374	0.206913971048768
1105	ENSG00000261069	15	25332807	0.0159834959517147
1106	ENSG00000261076	10	60085373	0.0310122136450339
1107	ENSG00000261096	2	232674555	0.783489732711472
1108	ENSG00000261192	17	55122838	0.1922971997555
1109	ENSG00000261215	9	34661899	0.960085650058465
1110	ENSG00000261220	8	134585425	0.318015413552046
1111	NA	NA	NA	8.37499811092819e-05
1112	ENSG00000261245	16	31372598	0.935744922866065
1113	ENSG00000261266	16	23698369	0.203149790544146
1114	ENSG00000261292	3	97478366	0.114592374217054
1115	ENSG00000261327	16	88210903	0.000958011341734471
1116	ENSG00000261409	23	107963178	0.481643322205196
1117	ENSG00000261420	6	166796676	0.263142263803467
1118	ENSG00000261447	9	72287664	0.0135369731518238
1119	ENSG00000261459	16	30537243	0.310519279316988
1120	ENSG00000261468	3	30739152	0.388082659298892
1121	ENSG00000261513	16	71757082	0.141751982330135
1122	ENSG00000261567	16	85391068	0.834020348485425
1123	ENSG00000261592	16	87430309	0.819357527649087
1124	ENSG00000261600	2	91768392	0.127999524522949
1125	ENSG00000261611	16	71481502	0.00532375005989511
1126	ENSG00000261625	11	68768232	0.396128016268763
1127	ENSG00000261634	15	69570666	0.280706442931128
1128	ENSG00000261671	10	22546714	0.168119559864221
1129	ENSG00000261685	16	50679719	0.916496595664012
1130	ENSG00000261716	1	149816064	0.182718126157534
1131	ENSG00000261760	2	110992311	0.541904507784736
1132	ENSG00000261762	15	78881464	0.0388070801749587
1133	ENSG00000261786	3	44158790	0.495622776291839
1134	ENSG00000261839	6	28104626	0.0254478242095667
1135	ENSG00000261888	17	81061204	0.459596692075329
1136	ENSG00000262052	17	53920037	0.948861277246957
1137	ENSG00000262118	16	3417718	0.0275172918394889
1138	ENSG00000262119	14	27061952	0.898535311003592
1139	ENSG00000262133	17	781141	0.0771775716527122
1140	ENSG00000262172	17	77965742	0.00257665129611987
1141	ENSG00000262294	17	202428	0.114690643850581
1142	ENSG00000262319	17	19044329	0.058455902398399
1143	ENSG00000262339	17	80936400	0.626415907325807
1144	ENSG00000262445	17	1898907	0.0106806285204255
1145	ENSG00000262481	17	7293052	0.288430774754906
1146	ENSG00000262497	19	35723193	0.513120722301732
1147	ENSG00000262558	17	204527	0.382868146766551
1148	ENSG00000262601	16	85204881	0.0203591738547846
1149	ENSG00000262700	16	25104707	0.323952450905945
1150	ENSG00000262703	16	11441999	0.200133320161203
1151	ENSG00000262768	17	77774396	0.909985544327174
1152	ENSG00000262823	17	4385260	0.0493102305101621
1153	ENSG00000262890	16	70835985	0.289039148687746
1154	ENSG00000262920	17	171182	0.92990121913959
1155	ENSG00000263065	16	15835007	0.129345526463882
1156	ENSG00000263089	17	55169505	0.0511949888020357
1157	ENSG00000263220	17	5267609	0.00591913006231621
1158	ENSG00000263343	16	31176968	0.82563440221966
1159	ENSG00000263368	17	25853411	0.2509076135085
1160	ENSG00000263429	17	10698229	0.38033484314096
1161	ENSG00000263508	17	10752857	0.0111663774690048
1162	ENSG00000263612	8	145939283	0.493493920661953
1163	ENSG00000263727	18	653984	0.811787436632634
1164	ENSG00000263809	17	8271955	0.142243648664925
1165	ENSG00000264016	17	10644583	0.00335481929791497
1166	ENSG00000264017	6	89800664	0.0555976763382512
1167	ENSG00000264177	17	18283168	0.73079353221505
1168	ENSG00000264215	17	20691383	0.18056306615434
1169	ENSG00000264219	3	25706363	0.897322241271814
1170	ENSG00000264453	19	58249832	0.0137091574199506
1171	ENSG00000264644	18	9678244	0.210583318846847
1172	ENSG00000264668	8	144329279	0.780953679926886
1173	ENSG00000264727	17	11191521	0.311616985419567
1174	ENSG00000264932	17	19552685	0.150894776941934
1175	ENSG00000265091	18	5232874	0.147729171533305
1176	ENSG00000265158	18	29304160	0.144019313034042
1177	ENSG00000265179	18	902766	0.491576946379673
1178	ENSG00000265205	17	26997071	0.503475879103886
1179	ENSG00000265349	17	9542084	0.50767823665911
1180	ENSG00000265394	17	28417383	0.276926475081263
1181	ENSG00000265415	17	57280037	0.00221590821810516
1182	ENSG00000265519	17	15691100	0.988337911868374
1183	ENSG00000265542	17	55849306	0.207027055342242
1184	NA	NA	NA	0.144332360760563
1185	ENSG00000265665	5	55752864	0.960820007881534
1186	ENSG00000265752	18	21537717	0.355451926317252
1187	ENSG00000265800	17	73134510	0.10651083484967
1188	ENSG00000266088	17	38673277	0.0993764922254929
1189	ENSG00000266176	17	65989995	0.828692869045878
1190	ENSG00000266184	18	24411483	0.431909655975314
1191	NA	NA	NA	0.151988834991577
1192	ENSG00000266261	17	15554903	0.704076927050568
1193	ENSG00000266283	18	19780581	0.00501720758469202
1194	ENSG00000266368	17	11857205	0.00806162867012006
1195	ENSG00000266389	17	8869212	0.307871733931463
1196	ENSG00000266401	18	3653409	0.000491920957424939
1197	ENSG00000266402	17	62223329	0.144309277465542
1198	ENSG00000266446	9	21995480	0.293384379021727
1199	ENSG00000266579	6	57358735	0.643880655974957
1200	ENSG00000266588	17	37159500	0.638061975263925
1201	ENSG00000266601	17	46007047	0.0495426605491655
1202	ENSG00000266824	17	8080129	0.162597581543837
1203	ENSG00000266846	18	6025089	0.867154591479383
1204	ENSG00000266968	18	43226117	0.875114447981364
1205	ENSG00000267005	19	36664307	0.709987011905809
1206	ENSG00000267006	19	30519647	0.562443850758226
1207	ENSG00000267069	18	12288306	0.0215717396207811
1208	ENSG00000267079	18	11910632	0.137739160512615
1209	ENSG00000267088	18	39669275	0.824307331093225
1210	ENSG00000267097	18	43003728	0.984156039113307
1211	ENSG00000267105	19	10369784	0.247848532364425
1212	ENSG00000267130	19	33795941	0.221804256207203
1213	ENSG00000267142	19	36912437	0.426007574642753
1214	ENSG00000267156	18	45156482	0.604291546379786
1215	ENSG00000267224	19	57046667	0.514822585062428
1216	ENSG00000267255	19	4429685	0.68903774116732
1217	ENSG00000267259	17	26559615	0.776980983891042
1218	ENSG00000267262	19	6067963	0.767291089772627
1219	ENSG00000267289	19	9944754	0.0587880973378945
1220	ENSG00000267299	19	6109332	0.0382423550978435
1221	ENSG00000267303	19	10426146	0.810558494924465
1222	ENSG00000267304	19	3672579	0.290706867659155
1223	ENSG00000267314	19	5904851	0.0617004730280987
1224	ENSG00000267328	19	36245466	0.165397199769401
1225	ENSG00000267336	18	12912842	0.520268240016249
1226	ENSG00000267364	17	33640520	0.0117147501937416
1227	ENSG00000267374	18	36786887	0.463952121130237
1228	ENSG00000267405	17	42872114	0.316142010129846
1229	ENSG00000267461	17	66553656	0.164949413040135
1230	ENSG00000267472	17	66195061	0.719141933966116
1231	ENSG00000267476	18	56339844	0.367164904709375
1232	ENSG00000267497	18	57636669	0.512051863141347
1233	ENSG00000267505	17	42870566	0.828754769334082
1234	ENSG00000267543	17	74546032	0.113106400354234
1235	ENSG00000267561	1	87458691	0.786255510782926
1236	ENSG00000267570	18	12911184	0.543988585574766
1237	ENSG00000267581	19	19871846	0.00766945237336517
1238	ENSG00000267583	18	33023832	0.0013380580985093
1239	ENSG00000267594	19	15871050	0.42934515625426
1240	ENSG00000267612	19	9841528	0.000870436095969319
1241	ENSG00000267623	19	28393502	0.697759056003209
1242	ENSG00000267637	17	57862173	0.200727582138479
1243	ENSG00000267640	19	38307998	0.0159519279056012
1244	ENSG00000267662	19	31839786	0.448360768239849
1245	ENSG00000267667	17	59208064	0.639719986759619
1246	ENSG00000267676	17	76244573	0.182966812676393
1247	ENSG00000267699	18	48494388	0.693184250758163
1248	ENSG00000267708	17	66148916	0.586531066759593
1249	ENSG00000267724	18	44632316	0.305423933975335
1250	ENSG00000267750	17	42376941	0.336051447021206
1251	ENSG00000267751	19	567211	0.61125389393818
1252	ENSG00000267781	19	56897594	0.118123093575758
1253	ENSG00000267784	2	179588183	0.912669038472618
1254	ENSG00000267808	19	52102541	0.19730970100933
1255	ENSG00000267920	19	23309370	0.308339906316946
1256	ENSG00000267927	19	52674410	0.547528574390369
1257	ENSG00000268015	19	52725477	0.530494659229581
1258	ENSG00000268081	19	21737441	0.261352037703908
1259	ENSG00000268088	19	40184564	0.879009932719442
1260	ENSG00000268163	19	57949337	0.65231373865115
1261	ENSG00000268278	19	21820775	0.83112640258493
1262	ENSG00000268297	19	7852434	0.194550754617774
1263	ENSG00000268355	19	42037565	0.160465204295788
1264	ENSG00000268416	19	20929728	0.958489167290419
1265	ENSG00000268536	19	4785131	0.0386222761384294
1266	ENSG00000268555	19	21753623	0.0696928773993307
1267	ENSG00000268564	19	15234970	0.101269289653225
1268	ENSG00000268621	19	46692422	0.00438598136198858
1269	ENSG00000268660	19	58555959	0.130182381722337
1270	ENSG00000268747	19	21458824	0.964434382486751
1271	ENSG00000268798	19	1440837	0.00192433920654571
1272	ENSG00000268849	19	51714335	0.303273686958814
1273	ENSG00000268926	9	98534604	0.132709021505129
1274	ENSG00000269040	19	20967401	0.255764214409679
1275	ENSG00000269091	19	50546452	0.208057042699387
1276	ENSG00000269275	19	55888946	0.102071034468246
1277	ENSG00000269289	19	24101882	0.720952612992825
1278	ENSG00000269345	19	22357567	0.961578754659157
1279	ENSG00000269349	19	53014534	0.983772785643902
1280	ENSG00000269482	16	140628	0.363177519825294
1281	ENSG00000269489	1	151770529	0.197211063134409
1282	ENSG00000269729	19	46667149	0.00627127575816675
1283	ENSG00000269755	19	12543916	0.265542945057032
1284	ENSG00000269800	19	42027402	0.00245436258521578
1285	ENSG00000269873	19	54949191	0.361394785438865
1286	ENSG00000269920	10	97733785	0.150987265551907
1287	ENSG00000269927	14	71607841	0.233485251407969
1288	ENSG00000269929	9	96938739	0.410208081107225
1289	ENSG00000269933	1	71471536	0.667001098420276
1290	ENSG00000269936	5	148809848	0.956304170786972
1291	ENSG00000269974	15	30940999	0.432664694912588
1292	ENSG00000270030	11	325702	0.0677363045297062
1293	ENSG00000270058	16	86255028	0.978463965845113
1294	ENSG00000270059	3	65344942	0.069668046377738
1295	ENSG00000270074	8	12270335	0.0475668135992653
1296	ENSG00000270077	8	98156397	0.96083461009994
1297	ENSG00000270093	21	18015847	0.402114133936142
1298	ENSG00000270097	16	3049902	0.567142329748924
1299	ENSG00000270124	16	85613614	0.723667646159056
1300	ENSG00000270137	8	133838423	0.0339296076537671
1301	ENSG00000270154	8	12333970	0.670069524768398
1302	ENSG00000270160	11	128484234	0.0936490032965116
1303	ENSG00000270168	16	3051300	0.310080378656425
1304	ENSG00000270190	2	112024444	0.00114353406217728
1305	ENSG00000270195	4	1714547	0.314762022065895
1306	ENSG00000270230	5	99382153	0.215271124055727
1307	ENSG00000270246	15	25287064	0.169374321589719
1308	ENSG00000270326	6	28287436	0.555650555944402
1309	ENSG00000270343	14	81725908	0.834440156084111
1310	ENSG00000270409	3	15773758	0.0131877932414971
1311	ENSG00000270412	9	101705618	0.243378924577484
1312	ENSG00000270457	1	59754974	0.475829878755739
1313	ENSG00000270469	18	14053949	0.873705175276113
1314	ENSG00000270499	23	46420362	0.964132178901114
1315	ENSG00000270510	11	87034750	0.400810732720063
1316	ENSG00000270591	14	104229139	0.2524249619845
1317	ENSG00000270606	17	8463788	0.00809584981134174
1318	ENSG00000270638	6	146056705	0.26203243013399
1319	ENSG00000270666	6	27482817	0.048370876269916
1320	ENSG00000270704	15	25230010	0.17872250877491
1321	ENSG00000270755	9	132806991	0.253822043084384
1322	ENSG00000270775	11	64792861	0.239573265657155
1323	ENSG00000270792	20	10653575	0.889983309497274
1324	ENSG00000270876	19	35414202	0.175304035071502
1325	ENSG00000270933	7	25988276	0.373832330947052
1326	ENSG00000270972	11	333191	0.160461162323727
1327	ENSG00000270975	14	69328478	0.757336824026092
1328	ENSG00000270988	8	1922983	0.582512608304859
1329	NA	NA	NA	0.537114628805527
1330	ENSG00000271064	7	66213824	0.141963077752959
1331	ENSG00000271105	16	25080890	0.425032242677313
1332	ENSG00000271127	22	16179616	1.396848664633e-06
1333	ENSG00000271131	3	178211114	0.975202348033871
1334	ENSG00000271156	8	89820546	0.0294478775868283
1335	ENSG00000271200	1	62207669	0.0208130964906238
1336	ENSG00000271347	15	25236632	0.332257547303648
1337	ENSG00000271367	6	53214955	0.0371256336024585
1338	ENSG00000271390	11	110960593	0.121987382148003
1339	ENSG00000271401	2	179509443	0.146716466034802
1340	ENSG00000271474	4	96470279	0.968464222390307
1341	ENSG00000271499	19	19861426	0.132756085900767
1342	ENSG00000271537	7	138883302	0.577238170556642
1343	ENSG00000271550	7	64139331	0.0270242809627815
1344	ENSG00000271614	12	90102735	0.124176337120746
1345	ENSG00000271654	8	18244617	0.143538151263909
1346	ENSG00000271714	5	74161717	0.0171096851715173
1347	ENSG00000271715	5	10269600	0.573115889324242
1348	ENSG00000271723	1	55107458	0.586323090613031
1349	ENSG00000271725	15	81595555	0.0660434035267916
1350	ENSG00000271727	6	711532	0.272209449526511
1351	ENSG00000271730	6	109319684	0.0499212272899451
1352	ENSG00000271743	8	6473124	0.111095440921361
1353	ENSG00000271749	17	61470715	0.361485321080907
1354	ENSG00000271787	2	10194547	0.867404578697566
1355	ENSG00000271815	5	74659584	0.339511788704233
1356	ENSG00000271817	4	159621842	0.829347393256704
1357	ENSG00000271830	8	104493493	0.205162001501659
1358	ENSG00000271936	2	25048478	0.0499704669572892
1359	ENSG00000272021	5	95185012	0.0849487065107186
1360	ENSG00000272023	5	132299461	0.117584067515728
1361	ENSG00000272068	1	156607574	0.021634350611136
1362	ENSG00000272071	5	6779570	0.0927264834312329
1363	ENSG00000272076	8	52722669	0.957568710515892
1364	ENSG00000272158	14	65470042	0.27729204152686
1365	ENSG00000272161	1	2257639	0.0252251188173724
1366	ENSG00000272163	8	24769677	0.47309904023228
1367	ENSG00000272180	2	56179292	0.883089818636469
1368	ENSG00000272183	2	74728843	0.976959645300645
1369	ENSG00000272202	3	57112970	0.302479659816574
1370	ENSG00000272209	6	13825662	0.512406902112314
1371	ENSG00000272279	6	1528598	0.292332526394136
1372	ENSG00000272312	6	26968986	0.967086461412849
1373	ENSG00000272319	10	43075171	0.724570851291008
1374	ENSG00000272320	6	3311895	0.154842714821993
1375	ENSG00000272321	8	99448896	0.978661250861397
1376	ENSG00000272324	5	10761176	0.829721622449615
1377	ENSG00000272360	3	58476556	0.0377322727510122
1378	ENSG00000272372	16	56385797	0.40717938558597
1379	ENSG00000272405	1	156611457	0.0625858522743671
1380	ENSG00000272411	5	148349902	0.0951798541560451
1381	ENSG00000272455	1	1344475	0.73059544825734
1382	ENSG00000272463	6	708591	0.00931689058030587
1383	ENSG00000272483	3	11653075	0.323556819504455
1384	ENSG00000272489	10	81422947	0.525158749796506
1385	ENSG00000272491	1	48693559	0.207206677941474
1386	ENSG00000272511	3	21453713	0.368624965945957
1387	ENSG00000272537	7	16510808	0.235807235038405
1388	ENSG00000272541	6	58182168	0.132950658440877
1389	ENSG00000272555	2	219683412	0.0902759116979593
1390	ENSG00000272597	3	107048276	0.130381553659837
1391	ENSG00000272622	2	227664861	0.27104137562011
1392	ENSG00000272632	4	142351984	0.697026526236777
1393	ENSG00000272647	7	99156290	0.877750945736388
1394	ENSG00000272657	21	35445891	0.625908709726518
1395	ENSG00000272691	1	86044182	0.219871943766771
1396	ENSG00000272701	7	130125882	0.797450371204703
1397	ENSG00000272754	2	32546706	0.0524053679005582
1398	ENSG00000272777	4	99988406	0.00733786887028979
1399	ENSG00000272783	4	1552010	0.748326837658668
1400	ENSG00000272784	4	184015575	0.202785835640522
1401	ENSG00000272789	2	128383571	0.00969871813193624
1402	ENSG00000272799	18	9912312	0.230307957389557
1403	ENSG00000272817	10	93667887	0.583237045317983
1404	ENSG00000272823	1	221002017	0.241772986731133
1405	ENSG00000272832	3	133261907	0.795742377168835
1406	ENSG00000272848	6	169826514	0.905767221695627
1407	ENSG00000272866	9	5351795	0.0660069192033737
1408	ENSG00000272912	10	104674341	0.0575944634005549
1409	ENSG00000272942	22	25830290	0.387910918578605
1410	ENSG00000272950	7	97952164	0.821511401463908
1411	ENSG00000272971	1	156584533	0.652859520110053
1412	ENSG00000273082	22	34318409	0.170520433501957
1413	ENSG00000273091	21	33108044	0.184949650741935
1414	ENSG00000273123	3	123434697	0.0966433734368438
1415	ENSG00000273162	10	102819785	0.563206912796358
1416	ENSG00000273164	22	19010568	0.40328396315987
1417	ENSG00000273172	17	33614	0.144120215495158
1418	ENSG00000273175	1	245028039	0.118525747354625
1419	ENSG00000273203	22	17548710	0.226527771522776
1420	ENSG00000273209	2	202897492	0.0415854340113688
1421	ENSG00000273233	2	29033146	0.82067196299153
1422	ENSG00000273258	2	174876583	0.198216186469154
1423	ENSG00000273259	14	95058394	0.0627531396420132
1424	ENSG00000273295	22	24243618	0.467732303216029
1425	ENSG00000273313	7	5111755	0.135285732004642
1426	ENSG00000273328	3	42850905	0.379458997851866
1427	ENSG00000273331	3	196042952	0.505929273841454
1428	ENSG00000273348	18	19927808	0.72666172885883
1429	ENSG00000273372	10	81727968	0.447198960423583
1430	ENSG00000273384	1	178620840	0.338204171688423
1431	ENSG00000273442	22	17561590	0.538224169032536
1432	ENSG00000273443	1	997587	0.0945391762144954
1433	ENSG00000273476	10	102727444	0.41671272457711
1434	NA	NA	NA	0.774945095502241
1435	NA	NA	NA	0.00234787904641121
1436	NA	NA	NA	0.985121073051999
1437	NA	NA	NA	0.121903802807368
1438	NA	NA	NA	0.100265802822324
1439	NA	NA	NA	0.00024069234948132
1440	NA	NA	NA	0.0316465114685988
1441	NA	NA	NA	0.54261939053874
1442	NA	NA	NA	0.326596942001997
1443	NA	NA	NA	0.872777374791906
1444	NA	NA	NA	0.11445213791211
1445	NA	NA	NA	0.893068471229503
1446	NA	NA	NA	0.0805655003596196
1447	NA	NA	NA	0.148852176585843
1448	NA	NA	NA	0.919923393898101
1449	NA	NA	NA	0.587784544736983
1450	NA	NA	NA	0.516848232785934
1451	NA	NA	NA	0.104979449034007
1452	NA	NA	NA	0.104634247165612
1453	NA	NA	NA	0.0449460650125817
1454	NA	NA	NA	0.580006770489008
1455	NA	NA	NA	0.998981124500141
1456	NA	NA	NA	0.0295153719448589
1457	NA	NA	NA	0.683158642475153
1458	NA	NA	NA	0.558844914817488
1459	NA	NA	NA	0.97382014939648
1460	NA	NA	NA	0.975335720268468
1461	NA	NA	NA	0.0485348379479462
1462	NA	NA	NA	0.412366364815508
1463	NA	NA	NA	0.102653111474912
1464	NA	NA	NA	0.879671822085781
1465	NA	NA	NA	0.409618047267024
1466	NA	NA	NA	0.0826087097217283
1467	NA	NA	NA	0.453516433923637
1468	NA	NA	NA	0.00133399251380454
1469	NA	NA	NA	0.126085855436129
1470	NA	NA	NA	0.159681237355407
1471	NA	NA	NA	0.0269848291527216
1472	NA	NA	NA	0.0664486898566384
1473	NA	NA	NA	0.799549087714882
1474	NA	NA	NA	0.78424184690073
1475	NA	NA	NA	0.17999678171483
1476	NA	NA	NA	0.85600858318537
1477	NA	NA	NA	0.000610497817364151
1478	NA	NA	NA	0.34223558267234
1479	NA	NA	NA	0.516160467717955
1480	NA	NA	NA	0.0058839088798597
1481	NA	NA	NA	0.662465458659139
1482	NA	NA	NA	0.237710015349635
1483	NA	NA	NA	0.0544188868557568
1484	NA	NA	NA	0.798151913683639
1485	NA	NA	NA	0.15496885636388
1486	NA	NA	NA	0.713123941240075
1487	NA	NA	NA	0.101553012053655
1488	NA	NA	NA	0.0135397800879774
1489	NA	NA	NA	0.384874245371193
1490	NA	NA	NA	0.245971102290834
1491	NA	NA	NA	0.482355180237943
1492	NA	NA	NA	6.5768648342353e-09
1493	NA	NA	NA	0.417731238427538
1494	NA	NA	NA	0.596276408865844
1495	NA	NA	NA	0.0669506471236352
1496	NA	NA	NA	0.0256878737297496
1497	NA	NA	NA	0.15058512801812
1498	NA	NA	NA	0.803376318885917
1499	NA	NA	NA	0.260774892467125
1500	NA	NA	NA	0.418116834083124
1501	NA	NA	NA	0.046156825105885
1502	NA	NA	NA	0.240496922893172
1503	NA	NA	NA	0.436363887066781
1504	NA	NA	NA	0.829544519185421
1505	NA	NA	NA	0.843868718787265
1506	NA	NA	NA	0.627240369555375
1507	NA	NA	NA	0.545604731711856
1508	NA	NA	NA	0.226151102275904
1509	NA	NA	NA	0.222634400372392
1510	NA	NA	NA	0.563698952009953
1511	NA	NA	NA	0.895648973302862
1512	NA	NA	NA	0.824038754110353
1513	NA	NA	NA	0.0688031578307225
1514	NA	NA	NA	0.807024419694468
1515	NA	NA	NA	0.441786006875449
1516	NA	NA	NA	0.317221276378853
1517	NA	NA	NA	0.938143488760681
1518	NA	NA	NA	0.909194098339109
1519	NA	NA	NA	0.0678223460532052
1520	NA	NA	NA	0.489750805092092
1521	NA	NA	NA	0.586309422299208
1522	NA	NA	NA	0.734077218499603
1523	NA	NA	NA	0.0814168962728428
1524	NA	NA	NA	0.00771511760183866
1525	NA	NA	NA	0.163285659532174
1526	NA	NA	NA	0.647333559384418
1527	NA	NA	NA	0.527753465896214
1528	NA	NA	NA	0.95873949798491
1529	NA	NA	NA	0.815759979476028
1530	NA	NA	NA	0.255112057958132
1531	NA	NA	NA	0.00320950217857619
1532	NA	NA	NA	0.0807186511569477
1533	NA	NA	NA	0.0607964208623552
1534	NA	NA	NA	0.447577133056433
1535	NA	NA	NA	0.621724878458741
1536	NA	NA	NA	0.988238041897182
1537	NA	NA	NA	0.20465721219541
1538	NA	NA	NA	0.268771634423009
1539	NA	NA	NA	0.699308778611694
1540	NA	NA	NA	0.578863025111774
1541	NA	NA	NA	0.685091953898003
1542	NA	NA	NA	0.57190855702782
1543	NA	NA	NA	0.590359562361534
1544	NA	NA	NA	0.416037425412738
1545	NA	NA	NA	0.373624036852871
1546	NA	NA	NA	0.249439765698855
1547	NA	NA	NA	0.855144960888231
1548	NA	NA	NA	0.0069970770402835
1549	NA	NA	NA	0.924981864495434
1550	NA	NA	NA	0.406327925042356
1551	NA	NA	NA	0.978568417755442
1552	NA	NA	NA	0.082507979964367
1553	NA	NA	NA	0.000302753231581886
1554	NA	NA	NA	0.697815672010199
1555	NA	NA	NA	0.12227489993018
1556	NA	NA	NA	0.972663660339169
1557	NA	NA	NA	1.77549757228669e-07
1558	NA	NA	NA	0.0743346627060113
1559	NA	NA	NA	0.789364521011701
1560	NA	NA	NA	0.0537973709291895
1561	NA	NA	NA	0.823435242520588
1562	NA	NA	NA	0.371300033441781
1563	NA	NA	NA	0.0388596372657185
1564	NA	NA	NA	0.314552178529111
1565	NA	NA	NA	0.899864248261706
1566	NA	NA	NA	0.129479254134593
1567	NA	NA	NA	0.393348470916135
1568	NA	NA	NA	0.659463710486767
1569	NA	NA	NA	0.907903667788438
1570	NA	NA	NA	0.0706556615556534
1571	NA	NA	NA	0.428921928748359
1572	NA	NA	NA	0.0210731685619139
1573	NA	NA	NA	0.889113247164944
1574	NA	NA	NA	0.23093917585313
1575	NA	NA	NA	0.016627796477976
1576	NA	NA	NA	0.166432645287012
1577	NA	NA	NA	0.352063539229543
1578	NA	NA	NA	0.295036028450241
1579	NA	NA	NA	0.250323509473865
1580	NA	NA	NA	0.476634668592262
1581	NA	NA	NA	0.328904137570972
1582	NA	NA	NA	0.425392383182138
1583	NA	NA	NA	0.462277531573149
1584	NA	NA	NA	0.256072762517896
1585	NA	NA	NA	0.341399838711903
1586	NA	NA	NA	0.290226844157635
1587	NA	NA	NA	0.00766694058922674
1588	NA	NA	NA	0.792849055240915
1589	NA	NA	NA	0.679868100501592
1590	NA	NA	NA	0.81324734890932
1591	NA	NA	NA	0.000159616187011739
1592	NA	NA	NA	0.290936740384793
1593	NA	NA	NA	0.846966829626251
1594	NA	NA	NA	0.174546109720634
1595	NA	NA	NA	0.225278154257552
1596	NA	NA	NA	0.697796959630957
1597	NA	NA	NA	0.480952679413852
1598	NA	NA	NA	0.802403477135317
1599	NA	NA	NA	0.0366812084427003
1600	NA	NA	NA	0.895702351602684
1601	NA	NA	NA	0.0729665439884083
1602	NA	NA	NA	0.00160411292755901
1603	NA	NA	NA	0.240444294712072
1604	NA	NA	NA	0.30618193752145
1605	NA	NA	NA	0.0656808022905059
1606	NA	NA	NA	0.442958536081189
1607	NA	NA	NA	0.778626341645351
1608	NA	NA	NA	0.366220729662619
1609	NA	NA	NA	0.248640545240596
1610	NA	NA	NA	0.332079489996536
1611	NA	NA	NA	0.142497190865816
1612	NA	NA	NA	0.227800365786868
1613	NA	NA	NA	0.745942919838578
1614	NA	NA	NA	0.84745808080639
1615	NA	NA	NA	0.672822157352136
1616	NA	NA	NA	0.00453077189661084
1617	NA	NA	NA	0.464675443722093
1618	NA	NA	NA	0.0073798979549945
1619	NA	NA	NA	0.747797815253198
1620	NA	NA	NA	0.0233003675143466
1621	NA	NA	NA	0.23450842808253
1622	NA	NA	NA	0.718873508004292
1623	NA	NA	NA	0.0384369033585759
1624	NA	NA	NA	0.129576564962798
1625	NA	NA	NA	0.0188883753333293
1626	NA	NA	NA	0.479587264123831
1627	NA	NA	NA	0.826915803357844
1628	NA	NA	NA	0.0315480621306206
1629	NA	NA	NA	0.00753542841996538
1630	NA	NA	NA	0.0422861999670053
1631	NA	NA	NA	0.435025840814183
1632	NA	NA	NA	0.320227373583907
1633	NA	NA	NA	0.000437618144539937
1634	NA	NA	NA	0.22143410690816
1635	NA	NA	NA	0.806999233493646
1636	NA	NA	NA	0.331240178937613
1637	NA	NA	NA	0.0879732833986488
1638	NA	NA	NA	0.0709142530609327
1639	NA	NA	NA	0.207517111725782
1640	NA	NA	NA	0.598471495798032
1641	NA	NA	NA	0.0861679079486816
1642	NA	NA	NA	0.000167623331166191
1643	NA	NA	NA	0.815870159710668
1644	NA	NA	NA	0.257524318711345
1645	NA	NA	NA	0.582431227774027
1646	NA	NA	NA	0.889444337645351
1647	NA	NA	NA	0.67330041196077
1648	NA	NA	NA	0.0353375873279337
1649	NA	NA	NA	0.375488170093688
1650	NA	NA	NA	0.332228030106
1651	NA	NA	NA	0.00346894401867275
1652	NA	NA	NA	0.479447783271302
1653	NA	NA	NA	0.00646695688091534
1654	NA	NA	NA	0.11705160084499
1655	NA	NA	NA	0.0229378931066415
1656	NA	NA	NA	0.177582806454058
1657	NA	NA	NA	0.374022782579316
1658	NA	NA	NA	0.317113156553497
1659	NA	NA	NA	0.196008539055597
1660	NA	NA	NA	0.565708074573485
1661	NA	NA	NA	0.0265642272837725
1662	NA	NA	NA	0.300648458574628
1663	NA	NA	NA	0.0358879392343291
1664	NA	NA	NA	0.364749574638962
1665	NA	NA	NA	0.291705990651112
1666	NA	NA	NA	0.03994313750711
1667	NA	NA	NA	4.34719122927997e-05
1668	NA	NA	NA	0.373045126109964
