	SNP	Chromosome	Position	trait1
1	ENSG00000002079	7	98836416	7.46958717413852e-07
2	ENSG00000088340	20	34146506	5.83365883937323e-08
3	ENSG00000100181	22	17082776	2.79308388445263e-13
4	ENSG00000105694	19	2538107	2.15388004764221e-05
5	ENSG00000135477	12	52644249	0.625721515434223
6	ENSG00000135747	1	247108848	0.000509670233766619
7	ENSG00000146001	5	140613937	0.00337196987295323
8	ENSG00000150526	14	39703119	4.53815144109929e-05
9	ENSG00000151303	10	88752162	9.15518724816681e-05
10	ENSG00000154198	1	47308766	0.000326045103598308
11	ENSG00000154316	8	11197145	0.0146788334986005
12	ENSG00000159860	7	143333744	0.00380942401144836
13	ENSG00000163612	4	9155021	0.0302985919553789
14	ENSG00000167912	8	60031598	0.00429588910533371
15	ENSG00000167945	16	855442	3.36992228718281e-07
16	ENSG00000171101	19	51670584	0.0106098110804727
17	ENSG00000173862	7	33765592	0.021456049056028
18	ENSG00000174403	20	61141549	1.95016641717563e-13
19	ENSG00000174680	21	31120493	0.0127250063394406
20	ENSG00000175967	6	114225301	1.88206047744767e-06
21	ENSG00000176716	11	7749631	4.36575908246435e-06
22	ENSG00000177133	1	2976178	3.01964758765341e-07
23	ENSG00000177197	13	48902219	0.00550357910614241
24	ENSG00000177855	2	184472169	2.71377121490618e-05
25	ENSG00000178162	2	131174327	4.07790562359445e-06
26	ENSG00000178636	4	120113927	8.60154015920815e-07
27	ENSG00000179066	19	35596872	0.00240649914081981
28	ENSG00000179157	6	43331216	0.000543705435252842
29	ENSG00000179277	17	15689931	8.0489879967426e-10
30	ENSG00000179935	20	18768294	0.00388758311485567
31	ENSG00000179967	4	140036083	1.5948015454478e-14
32	ENSG00000180019	7	112086218	5.95463523863764e-05
33	ENSG00000180066	10	134257830	0.0118702352564781
34	ENSG00000180229	15	20588367	3.98235433471516e-06
35	ENSG00000180769	4	85887537	9.61820213215273e-14
36	ENSG00000181355	6	9596522	0.000546760256360226
37	ENSG00000181819	23	104650317	0.026458993963316
38	ENSG00000182397	15	100330360	8.64298642953614e-05
39	ENSG00000184139	4	132778497	8.45481568046705e-22
40	ENSG00000184682	11	1910374	0.0867097830330145
41	ENSG00000184774	1	202789393	0.000249233705212553
42	ENSG00000184795	11	67479172	7.96847392226509e-06
43	ENSG00000186354	9	91605777	1.59716416616869e-09
44	ENSG00000186369	14	62584196	1.39934801107821e-10
45	ENSG00000186466	9	67272037	3.01356796194996e-05
46	ENSG00000186842	21	33944547	0.00826324709289867
47	ENSG00000187952	1	21754795	0.00333199874840631
48	ENSG00000188013	17	20492370	2.08715438445851e-09
49	ENSG00000188662	17	48248788	0.006853371945709
50	ENSG00000189212	7	35119600	0.0202595225729896
51	ENSG00000196593	13	24513695	0.00870513648076418
52	ENSG00000197083	5	150310206	4.50083477622093e-07
53	ENSG00000197320	7	9765869	3.13425020241409e-06
54	ENSG00000197376	12	48901136	1.44729486574633e-07
55	ENSG00000197670	20	52169308	4.24763279148916e-06
56	ENSG00000197882	11	86543581	6.57805525906914e-05
57	ENSG00000198106	16	29262828	3.6650766239698e-05
58	ENSG00000198384	13	53063127	2.90830383447021e-06
59	ENSG00000198416	9	39443803	9.69907809956462e-25
60	ENSG00000198555	16	33778505	0.000304937050502384
61	ENSG00000198857	1	120143962	0.022589755059491
62	ENSG00000199332	6	31369928	0.00106338054047948
63	ENSG00000199476	3	48330076	8.35243311198605e-05
64	ENSG00000199691	20	37390170	0.000799954337587334
65	ENSG00000199899	12	113594569	0.187501702044667
66	ENSG00000200033	1	222010675	5.73348541009646e-05
67	ENSG00000200237	19	9930629	0.0293814294929615
68	ENSG00000200253	10	88800994	8.42000120446379e-08
69	ENSG00000200356	10	75038819	0.124417761558558
70	ENSG00000200525	8	96067441	6.16790212232419e-06
71	ENSG00000200550	2	42939879	1.282171822883e-05
72	ENSG00000200674	1	173760685	0.000541876887945389
73	ENSG00000201217	3	152167060	0.0127804621830268
74	ENSG00000201724	15	100221990	1.86458011143214e-06
75	ENSG00000202198	6	52860417	7.99889864137579e-05
76	ENSG00000202533	5	131803838	0.00855991603724602
77	ENSG00000203286	9	3452304	0.00708245479315439
78	ENSG00000203307	1	166050419	5.72674669451343e-05
79	ENSG00000203414	10	13198683	6.36923897430273e-05
80	ENSG00000203446	7	40577725	1.16320795281228e-07
81	ENSG00000203506	3	29657465	0.0443517030627343
82	ENSG00000203635	2	1624281	0.000535606131141814
83	ENSG00000203855	1	120106688	0.000203170255556279
84	ENSG00000203886	10	104592477	2.03988833544069e-05
85	ENSG00000204118	23	72345875	1.79105124246397e-09
86	ENSG00000204136	9	124207268	6.51794700425034e-05
87	ENSG00000204187	10	44340753	4.34058918273137e-07
88	ENSG00000204789	6	27325603	9.78310038798228e-06
89	ENSG00000204790	9	69204537	1.01929553608006e-07
90	ENSG00000204818	9	44170446	0.000281215937309393
91	ENSG00000204837	9	41961614	9.03544799660543e-10
92	ENSG00000205318	6	10633992	0.00271200815299385
93	ENSG00000205361	16	56677616	5.96709045677244e-05
94	ENSG00000205414	16	50639986	0.000114838893344276
95	ENSG00000205562	14	85991476	1.25166669283627e-05
96	ENSG00000205879	8	12029710	0.0286071473552918
97	ENSG00000206647	2	10295198	1.84952335530085e-13
98	ENSG00000206728	3	23315297	0.0287181209487267
99	ENSG00000206878	1	228788182	0.000233381275489023
100	ENSG00000206965	2	175422693	0.0141815314166019
101	ENSG00000207146	23	107920180	0.0079814263203456
102	ENSG00000207206	9	84340157	0.0236515698601405
103	ENSG00000207770	3	114035321	8.44821883026584e-07
104	ENSG00000209042	20	47895476	4.29423527945458e-06
105	ENSG00000209082	M	3228	0.0107361475046699
106	ENSG00000210049	M	574	1.1282374172789e-06
107	ENSG00000210194	M	14672	1.36912832215128e-14
108	ENSG00000210195	M	15886	0.00118681417473285
109	ENSG00000211694	7	38339411	0.0328757593966178
110	ENSG00000211785	14	22309421	0.0687006663470704
111	ENSG00000211786	14	22314718	0.00211471590445953
112	ENSG00000211802	14	22538819	0.00139665065932097
113	ENSG00000211818	14	22771938	0.237276250077618
114	ENSG00000211898	14	106303098	0.00527475708530215
115	ENSG00000212206	17	8232900	0.137386902451927
116	ENSG00000212237	1	228783658	6.42595165043276e-05
117	ENSG00000212293	13	32994526	0.00178064417336649
118	ENSG00000213028	1	229824745	3.0798021141595e-05
119	ENSG00000213070	1	164326003	4.43776018021046e-06
120	ENSG00000213071	6	160874459	0.000252603496706453
121	ENSG00000213078	6	157787021	0.140252390466176
122	ENSG00000213082	2	208546313	0.000220929147444892
123	ENSG00000213225	2	130986948	2.08215125292428e-06
124	ENSG00000213250	12	94817519	3.39529144404073e-08
125	ENSG00000213279	22	49965911	0.000258265769153561
126	ENSG00000213352	12	63149006	9.88101573415809e-05
127	ENSG00000213370	4	174554878	0.000589632820810769
128	ENSG00000213373	17	41026686	6.90690265529863e-15
129	ENSG00000213386	5	172189523	9.95297845352662e-07
130	ENSG00000213435	6	42694971	3.9750682013328e-08
131	ENSG00000213519	3	197307214	0.000280666850774439
132	ENSG00000213561	1	78509066	4.16444319652053e-09
133	ENSG00000213601	2	190175988	0.000245203532330342
134	ENSG00000213703	1	63106792	3.14140738431823e-05
135	ENSG00000213750	8	98636430	8.15469962310436e-09
136	ENSG00000213754	23	63524926	1.94783064840479e-19
137	ENSG00000213876	17	7044248	0.0933588049640275
138	ENSG00000213938	2	200524273	1.80065218010598e-10
139	ENSG00000213956	5	49928957	2.10715321578157e-05
140	ENSG00000213985	19	20368528	0.032103949672224
141	ENSG00000213997	23	46506028	1.5481893449292e-05
142	ENSG00000214039	12	130517998	0.200104912546358
143	ENSG00000214073	3	1947334	0.0802286836895762
144	ENSG00000214093	22	31955468	1.57236567701012e-09
145	ENSG00000214100	2	130680434	2.84007338472057e-14
146	ENSG00000214121	9	12972841	0.0026264772753262
147	ENSG00000214264	11	112051495	1.37685726521693e-07
148	ENSG00000214273	4	190962496	0.000880367128260628
149	ENSG00000214280	3	139301769	0.000856445295798463
150	ENSG00000214289	3	134070693	0.0395682209260089
151	ENSG00000214533	2	65893828	4.42220530885276e-06
152	ENSG00000214553	17	37183529	1.85637889863634e-12
153	ENSG00000214612	20	18485276	0.00484459354641453
154	ENSG00000214796	1	202820955	0.0377896339556463
155	ENSG00000214826	12	9570308	8.17542176252966e-13
156	ENSG00000214919	3	155459932	0.000106320786743804
157	ENSG00000214955	21	35577355	3.35602673932388e-11
158	ENSG00000214961	23	133406316	1.06757147300358e-05
159	ENSG00000215105	23	74960540	4.43570810785826e-07
160	ENSG00000215237	9	14993309	0.00819428134829818
161	ENSG00000215267	10	5317135	0.000504229656842333
162	ENSG00000215333	22	44962844	2.69756848722228e-06
163	ENSG00000215374	8	7159132	1.4280385881192e-07
164	ENSG00000215386	21	17442841	3.51727909871704e-10
165	ENSG00000215452	20	45042866	0.000325185908575875
166	ENSG00000215493	22	20804408	0.000396429327000709
167	ENSG00000215559	21	15281894	1.00827960455048e-07
168	ENSG00000215630	5	70498110	0.0024784682945163
169	ENSG00000215861	1	144676873	0.00523627453361312
170	ENSG00000215878	6	138723721	4.96843756656242e-05
171	ENSG00000215914	1	1631368	3.73108245820441e-06
172	ENSG00000216306	12	95227922	0.00127693838772718
173	ENSG00000216624	6	166477778	1.97027606549538e-05
174	ENSG00000216901	6	28143965	0.000301080365201064
175	ENSG00000216915	6	27704778	0.118847670520898
176	ENSG00000217159	6	26164299	0.0154774631165985
177	ENSG00000217643	2	26045337	2.06292826653275e-05
178	ENSG00000217646	6	27831839	1.23493104687637e-09
179	ENSG00000217824	6	148888513	0.00373580074177674
180	ENSG00000217862	6	27774852	0.000640222132560188
181	ENSG00000218014	6	72294423	0.0697113584986433
182	ENSG00000218281	6	26233349	0.00588936365459597
183	ENSG00000218358	6	150319154	7.40290939653762e-06
184	ENSG00000218502	13	99867625	1.56663712960939e-07
185	ENSG00000218582	6	80662721	1.16509658568017e-05
186	ENSG00000218586	7	55001391	3.06928828053381e-06
187	ENSG00000219565	6	109103328	0.00120432670572582
188	ENSG00000219642	6	129478667	6.60705044104847e-06
189	ENSG00000219682	6	25140211	9.51072178081248e-08
190	ENSG00000219693	9	66544358	5.23388133692357e-08
191	ENSG00000219930	23	135160002	0.00111252973973676
192	ENSG00000220154	6	79987821	1.86221560588038e-09
193	ENSG00000220563	6	86369609	3.67063951747811e-07
194	ENSG00000220695	6	100978151	0.000650767696396771
195	ENSG00000220771	6	21602358	6.05668642697279e-06
196	ENSG00000220924	4	113606210	0.000141233410021617
197	ENSG00000221299	23	134029783	0.00412124486427982
198	ENSG00000221340	1	12629999	4.08088315222481e-05
199	ENSG00000222022	2	238330062	1.02487132448599e-07
200	ENSG00000222032	2	238337562	1.90633743429096e-06
201	ENSG00000222057	3	121374321	0.0643417992629119
202	ENSG00000222881	17	38547483	6.70989882962855e-08
203	ENSG00000223249	2	190618189	0.00426918419938823
204	ENSG00000223254	1	85729978	1.92582211031919e-07
205	ENSG00000223318	2	165752186	0.0251013189787357
206	ENSG00000223382	1	31297074	3.983908758157e-05
207	ENSG00000223414	6	166322289	1.05864604948549e-07
208	ENSG00000223460	13	29880914	0.00338261861078358
209	ENSG00000223518	15	37090796	0.00076595453734806
210	ENSG00000223537	6	109809108	0.0493593671609087
211	ENSG00000223576	13	20415966	0.0458868897204363
212	ENSG00000223656	1	100163797	1.14409472774118e-05
213	ENSG00000223723	23	36980268	0.00197759592351195
214	ENSG00000223774	1	201862969	0.000259199660829096
215	ENSG00000223930	3	177919837	7.75305259807694e-05
216	ENSG00000223974	7	64011875	0.000863018127449958
217	ENSG00000224063	2	187867946	6.43617572707456e-10
218	ENSG00000224083	9	5096665	0.00965865321119434
219	ENSG00000224106	9	69477880	0.0523363399128767
220	ENSG00000224126	17	18580573	4.72678977319411e-10
221	ENSG00000224183	1	25620654	5.93792855597744e-06
222	ENSG00000224232	2	242417730	0.0830750218323039
223	ENSG00000224238	1	119590027	2.6347292482391e-05
224	ENSG00000224239	3	898806	1.54230260072897e-15
225	ENSG00000224245	9	97258556	0.0316412382764944
226	ENSG00000224295	11	5539670	0.000668656927471901
227	ENSG00000224321	1	16119290	0.102747064838647
228	ENSG00000224367	18	56663965	3.62846006997117e-09
229	ENSG00000224413	21	47456965	0.0680243782428225
230	ENSG00000224419	13	90882637	4.35075791159542e-05
231	ENSG00000224441	15	91475815	0.131231319132436
232	ENSG00000224460	6	143267183	4.61044546945683e-13
233	ENSG00000224473	10	30692125	0.0173315509424211
234	ENSG00000224478	6	159528822	2.76848052802697e-05
235	ENSG00000224479	3	63727968	4.19722377935643e-08
236	ENSG00000224513	11	3247290	4.66941036757594e-06
237	ENSG00000224592	1	38512985	0.0130292522233802
238	ENSG00000224621	1	16485760	0.00329935162937122
239	ENSG00000224635	20	37034657	0.000186402466120038
240	ENSG00000224678	1	92580359	2.09248170752429e-09
241	ENSG00000224713	12	58005900	0.00345650636017346
242	ENSG00000224763	1	211833530	1.09669330361013e-05
243	ENSG00000224786	4	123651702	0.000132456133414115
244	ENSG00000224796	6	33047227	0.00656237581916437
245	ENSG00000224829	11	77024650	0.000280447276904856
246	ENSG00000224854	9	21967136	5.18651505324276e-06
247	ENSG00000224891	2	37375672	1.41808071401201e-05
248	ENSG00000224928	2	219818122	2.77389295539867e-05
249	ENSG00000224936	6	30436658	0.0629983387868018
250	ENSG00000224961	20	10733737	0.113505136992514
251	ENSG00000224965	1	110751455	0.0117203373199451
252	ENSG00000225007	22	19654545	1.15933130415314e-08
253	ENSG00000225039	13	30993655	7.13107741054893e-09
254	ENSG00000225062	2	219231387	0.0226185925734354
255	ENSG00000225096	6	58291907	0.213782740819786
256	ENSG00000225279	1	160032277	0.0064432537310789
257	ENSG00000225308	7	21259831	0.0156357216419755
258	ENSG00000225342	12	40579810	7.46107786252991e-06
259	ENSG00000225355	10	37283950	0.00118782103905385
260	ENSG00000225398	2	114299513	2.74462036873755e-16
261	ENSG00000225399	3	49297517	0.00213024970402299
262	ENSG00000225408	9	5719020	0.00283991046273006
263	ENSG00000225462	1	187532192	0.000401615076384464
264	ENSG00000225472	9	14317083	5.16029337865362e-05
265	ENSG00000225531	9	109879109	0.000334190389181724
266	ENSG00000225544	22	22239620	0.0337502341148773
267	ENSG00000225595	6	28827401	4.07045419862236e-05
268	ENSG00000225670	1	159165774	6.36228667233084e-08
269	ENSG00000225698	14	107198931	0.00164759651488367
270	ENSG00000225704	1	171314227	4.03091094007512e-09
271	ENSG00000225706	9	8858129	1.83149940263129e-06
272	ENSG00000225731	21	44153703	5.05885326395074e-09
273	ENSG00000225746	14	101403737	8.64008112507872e-07
274	ENSG00000225792	7	26411763	0.0020572069098058
275	ENSG00000225822	3	196158234	0.0104780202482818
276	ENSG00000225849	20	45092540	0.000654318927356145
277	ENSG00000225868	19	38314361	9.71061445716993e-07
278	ENSG00000225913	10	89367741	0.00377706455405666
279	ENSG00000225936	10	118999110	0.000566734717947282
280	ENSG00000225938	1	101701238	6.09186843725597e-10
281	ENSG00000225945	6	37783552	0.0795675324545584
282	ENSG00000226138	12	48478832	4.01748502354008e-06
283	ENSG00000226148	1	202765157	0.0279676231206957
284	ENSG00000226155	3	195638919	0.00228337253804532
285	ENSG00000226194	6	169770092	0.380233896981716
286	ENSG00000226197	9	13446489	0.00100956720330788
287	ENSG00000226239	20	30615555	0.00238513219601337
288	ENSG00000226247	2	75878413	4.4317605718898e-09
289	ENSG00000226252	1	47691468	3.1158562027586e-08
290	ENSG00000226306	5	137136881	2.4075332850216e-09
291	ENSG00000226342	7	63369343	1.68550042332012e-11
292	ENSG00000226393	9	21321298	2.45761285993471e-11
293	ENSG00000226409	6	125691356	1.82909628935621e-05
294	ENSG00000226432	5	24170478	0.000269820802171632
295	ENSG00000226440	6	112557293	0.0649205845705197
296	ENSG00000226468	7	32496574	0.00042186696953628
297	ENSG00000226491	2	43024364	4.91105570021424e-07
298	ENSG00000226530	23	51139362	1.70880332533488e-08
299	ENSG00000226539	2	224569337	4.21720922824077e-06
300	ENSG00000226571	6	139592498	0.000822688166292782
301	ENSG00000226581	7	63361200	1.0376018487155e-05
302	ENSG00000226738	22	50984843	0.00157581296821272
303	ENSG00000226786	6	19535174	2.70961840941844e-05
304	ENSG00000226816	7	23245631	0.00034890951774663
305	ENSG00000226819	2	66653866	0.00048703913036697
306	ENSG00000226851	7	111968243	6.67096018497289e-06
307	ENSG00000226889	1	161735114	4.10014706139578e-11
308	ENSG00000226900	10	134325129	0.0114181819827717
309	ENSG00000226954	22	50111700	0.00431108525756946
310	ENSG00000226965	7	110072295	1.36856086535772e-06
311	ENSG00000226982	12	89893869	0.00747604201281518
312	ENSG00000227060	23	133684002	0.0646992961817437
313	ENSG00000227070	1	51983980	0.038265809021986
314	ENSG00000227082	1	121138613	6.69905779819891e-06
315	ENSG00000227107	2	238521619	1.04733290033364e-05
316	ENSG00000227117	22	30404730	1.59053054886046e-08
317	ENSG00000227135	1	247687980	6.44895903380587e-08
318	ENSG00000227136	10	80027198	0.0131469022908539
319	ENSG00000227141	1	179555839	0.0218344419489793
320	ENSG00000227176	2	170933733	0.00443603749423728
321	ENSG00000227220	6	132272085	3.13736230313505e-08
322	ENSG00000227260	3	30566236	8.43982836283744e-07
323	ENSG00000227295	1	158145639	0.000587367469541554
324	ENSG00000227374	10	131567107	9.24268188881757e-05
325	ENSG00000227379	20	25348910	0.0030792042939355
326	ENSG00000227401	20	34176245	9.47096210226371e-08
327	ENSG00000227404	7	38694804	0.0146185941460331
328	ENSG00000227407	19	54941831	0.00655542588740151
329	ENSG00000227438	21	47513177	0.00205697071032048
330	ENSG00000227440	3	172546525	1.57542827364529e-16
331	ENSG00000227449	9	46687461	3.00748157060448e-09
332	ENSG00000227484	22	50753059	3.95609947315336e-05
333	ENSG00000227544	7	35754643	2.33455055388278e-10
334	ENSG00000227582	9	66516696	0.000740874296344685
335	ENSG00000227627	6	153304884	0.049956631308329
336	ENSG00000227692	2	187229324	1.00898010946535e-09
337	ENSG00000227755	22	23788784	0.0345461348828915
338	ENSG00000227777	1	168511974	0.0126631773916518
339	ENSG00000227888	8	12219526	0.000459818194286552
340	ENSG00000227910	7	63385164	8.30034296509824e-13
341	ENSG00000227959	1	16481705	0.0076498372896865
342	ENSG00000227972	10	54170894	0.00037256925069882
343	ENSG00000227999	21	45893605	7.94956481702144e-06
344	ENSG00000228039	22	24305941	6.73714714373083e-11
345	ENSG00000228063	1	219259943	3.44697733040785e-07
346	ENSG00000228118	17	69617118	0.000930306585500207
347	ENSG00000228168	3	39376469	3.40468394983673e-16
348	ENSG00000228214	3	28616281	3.96214612395606e-05
349	ENSG00000228307	9	36013180	2.63718997432683e-10
350	ENSG00000228314	21	15215453	1.19432376580629e-09
351	ENSG00000228330	10	13184184	0.000170417382985449
352	ENSG00000228485	10	120968042	0.000138258705335572
353	ENSG00000228499	2	236791005	0.000100632108693558
354	ENSG00000228536	1	219583022	0.0382995640408434
355	ENSG00000228541	2	62690261	0.0677143956210817
356	ENSG00000228549	1	17197439	2.68700443579059e-11
357	ENSG00000228569	7	156225216	3.40841406957102e-05
358	ENSG00000228629	19	37019219	9.21149104701447e-06
359	ENSG00000228643	2	286418	0.000163350149525861
360	ENSG00000228666	6	28936906	0.00079817352955773
361	ENSG00000228692	6	164007614	1.06512035755215e-07
362	ENSG00000228695	16	55794459	4.53508371292145e-10
363	ENSG00000228709	21	45905459	0.00278263161539061
364	ENSG00000228718	6	2637169	1.2684694183493e-08
365	ENSG00000228753	10	21317927	0.0474167991361724
366	ENSG00000228767	3	35257196	0.004181527729604
367	ENSG00000228791	3	24535577	6.24698780516948e-06
368	ENSG00000228793	6	3594480	3.10008166716984e-05
369	ENSG00000228802	2	224830417	6.0672813081311e-07
370	ENSG00000228962	6	32358286	4.64885487141087e-11
371	ENSG00000228983	17	19483255	6.10584312860657e-05
372	ENSG00000229017	6	143287557	1.04368437654311e-09
373	ENSG00000229029	9	14593574	0.0268697290427877
374	ENSG00000229081	10	134334330	0.001317955530753
375	ENSG00000229108	7	15728002	1.02951728252498e-05
376	ENSG00000229116	10	44787705	2.74838167479395e-06
377	ENSG00000229151	23	51099795	3.19422839355786e-09
378	ENSG00000229178	3	195382435	6.25790833271772e-09
379	ENSG00000229207	9	34318404	0.00486356856119989
380	ENSG00000229230	20	33805811	3.63505288577652e-06
381	ENSG00000229321	2	207731518	0.00182948809597685
382	ENSG00000229481	19	38320190	3.32577747588374e-07
383	ENSG00000229484	1	12587765	0.00502770803249728
384	ENSG00000229498	2	86042252	9.62991852884312e-05
385	ENSG00000229519	1	6607964	0.0717607549038682
386	ENSG00000229536	2	130626765	0.000925778960013908
387	ENSG00000229570	1	120038458	2.04377977913965e-06
388	ENSG00000229585	4	54852753	0.111309048901292
389	ENSG00000229588	1	166304120	0.000327948178803259
390	ENSG00000229590	17	56234388	2.75592987107279e-07
391	ENSG00000229601	23	70633683	0.00802776761008573
392	ENSG00000229715	13	32420977	0.000169803786816367
393	ENSG00000229750	2	176032631	0.0447060059333277
394	ENSG00000229757	1	168547890	0.0015494039735285
395	ENSG00000229782	17	4400688	0.00461858675946438
396	ENSG00000229800	13	33051410	0.00537301740650835
397	ENSG00000229894	4	166198943	0.00221858701128479
398	ENSG00000229927	10	46914150	0.00174327491570488
399	ENSG00000229970	7	8301893	7.20411570749983e-09
400	ENSG00000230018	10	115242374	0.000929240827025363
401	ENSG00000230024	1	219608493	0.0236000045060229
402	ENSG00000230061	21	45834472	8.89211173471855e-06
403	ENSG00000230138	1	53832339	0.002915929556825
404	ENSG00000230140	2	101589109	0.0015444775759684
405	ENSG00000230147	9	93931866	0.011442599684836
406	ENSG00000230267	16	32114565	0.000223857513074441
407	ENSG00000230303	9	88400636	0.000489000299681126
408	ENSG00000230360	9	84701069	0.00160551162234338
409	ENSG00000230387	20	23168764	0.000415562735647206
410	ENSG00000230393	2	100721380	0.000145397625165904
411	ENSG00000230435	7	11446581	0.00205137179735413
412	ENSG00000230478	23	86680585	3.27372960179066e-12
413	ENSG00000230490	13	33929342	1.6404587145232e-12
414	ENSG00000230495	20	17579899	0.0145542468775652
415	ENSG00000230528	17	20339649	2.83632054804758e-05
416	ENSG00000230530	3	45720534	1.42817959132141e-06
417	ENSG00000230533	6	137994596	0.000434597194579838
418	ENSG00000230534	10	35386933	0.0449521336933597
419	ENSG00000230584	13	79483053	6.88515053575444e-06
420	ENSG00000230587	2	43324883	8.23742201492991e-09
421	ENSG00000230606	2	98081082	0.00292095881699168
422	ENSG00000230613	20	30155509	0.000278370514182524
423	ENSG00000230641	13	27746395	0.0262643162993835
424	ENSG00000230646	2	131185303	1.76011617551302e-06
425	ENSG00000230697	3	20049343	9.24014739858401e-06
426	ENSG00000230712	22	24644041	0.137642585026883
427	ENSG00000230728	1	55087149	0.0249349622671088
428	ENSG00000230735	1	90095283	0.000128667545117424
429	ENSG00000230756	2	130970442	0.0085323415057438
430	ENSG00000230773	2	48168834	0.0716115086513313
431	ENSG00000230838	2	216582765	0.0123642511618344
432	ENSG00000230839	20	1784661	0.141034748186356
433	ENSG00000230849	1	173110238	0.00752241802279793
434	ENSG00000230927	7	92042289	0.0190754717468963
435	ENSG00000230970	3	42744144	4.64054578532521e-06
436	ENSG00000230987	1	189958699	0.000205076521013236
437	ENSG00000231007	9	89626566	0.0077735066005447
438	ENSG00000231024	2	69927323	0.000275960976069152
439	ENSG00000231066	23	14852597	0.000164289278448015
440	ENSG00000231086	22	19112391	0.0654250990548526
441	ENSG00000231104	10	119776997	0.0153097644007034
442	ENSG00000231121	12	77718420	1.42981825395539e-05
443	ENSG00000231170	7	95225993	1.14628328775432e-10
444	ENSG00000231196	1	147762995	0.000531846237442146
445	ENSG00000231246	1	112719855	9.35152120509787e-20
446	ENSG00000231258	17	20487070	0.000854564722186316
447	ENSG00000231271	22	24292104	2.03009891124925e-07
448	ENSG00000231310	3	176762648	5.1830702935652e-06
449	ENSG00000231367	2	38633869	5.45150888151801e-07
450	ENSG00000231426	6	140175986	0.00036190502978856
451	ENSG00000231431	2	132046325	9.86324939708977e-08
452	ENSG00000231445	2	162933866	0.0733667589742617
453	ENSG00000231459	9	27245681	0.000594553616177025
454	ENSG00000231465	9	125233636	1.89345587750171e-07
455	ENSG00000231485	1	65532309	0.000306310526808206
456	ENSG00000231518	9	35930008	0.00687619181010571
457	ENSG00000231680	11	64161813	1.74448727668729e-06
458	ENSG00000231691	1	204246132	9.66423713181917e-09
459	ENSG00000231702	1	943455	0.000294115091738083
460	ENSG00000231705	10	134232586	0.000500459158302883
461	ENSG00000231715	20	49096303	5.5339156943498e-06
462	ENSG00000231769	6	46064829	0.00173190498235636
463	ENSG00000231829	10	96901681	0.0720047745547383
464	ENSG00000231830	23	153562309	0.00377440499333012
465	ENSG00000231865	11	116756761	4.74846974226569e-05
466	ENSG00000231868	1	6503093	0.00336851262443967
467	ENSG00000231881	6	44041649	5.69653662688635e-05
468	ENSG00000231967	9	5356311	1.36845268176265e-11
469	ENSG00000232046	2	66801161	1.15225092256498e-08
470	ENSG00000232053	7	135777672	0.0201068516076125
471	ENSG00000232054	23	123414379	0.000158892637645
472	ENSG00000232075	10	65394076	4.76745769688789e-08
473	ENSG00000232093	1	155017666	1.47840721193311e-10
474	ENSG00000232110	10	91043521	0.00120331285631836
475	ENSG00000232202	2	43053461	0.0154801849789986
476	ENSG00000232311	6	110147724	0.000164387229758582
477	ENSG00000232344	17	17913956	2.18066299487739e-09
478	ENSG00000232415	7	73473905	2.16507553878189e-05
479	ENSG00000232460	11	121232558	5.18409452873125e-06
480	ENSG00000232491	7	66021202	1.72836325546784e-05
481	ENSG00000232517	5	54104037	0.0730601714791661
482	ENSG00000232578	5	93928472	0.0190915320961825
483	ENSG00000232633	5	112658724	0.00031956156024492
484	ENSG00000232642	2	24388752	0.0990711229631439
485	ENSG00000232679	1	222215046	7.94912872705316e-10
486	ENSG00000232680	19	35923858	0.00106583922850112
487	ENSG00000232706	10	52436502	1.76048929026864e-07
488	ENSG00000232724	17	73070400	0.000148288690781336
489	ENSG00000232775	22	16157078	4.10942321205438e-15
490	ENSG00000232780	1	119977078	0.000360599446431838
491	ENSG00000232862	1	36545666	0.111281892255361
492	ENSG00000232876	6	135376170	0.00227690075296168
493	ENSG00000232949	7	22629323	0.00800371186101726
494	ENSG00000233090	17	15696175	2.86431627184048e-05
495	ENSG00000233117	10	4243332	0.00098715476240716
496	ENSG00000233121	3	13968309	3.1650387804982e-07
497	ENSG00000233158	2	95578176	2.5016265071827e-05
498	ENSG00000233170	8	37604853	1.71420912162949e-12
499	ENSG00000233190	10	32520776	0.000230403842789786
500	ENSG00000233214	19	35914963	0.000983133198776452
501	ENSG00000233221	2	131588550	4.40711910308225e-05
502	ENSG00000233237	6	72054046	4.91047092291215e-07
503	ENSG00000233334	10	126392193	2.6165411032769e-07
504	ENSG00000233370	2	110941630	2.1988306870976e-05
505	ENSG00000233388	22	35897907	0.000696568086201912
506	ENSG00000233416	2	20806039	4.38857553319252e-05
507	ENSG00000233421	1	16860380	9.60414034000387e-13
508	ENSG00000233514	1	44587824	0.000396784740959095
509	ENSG00000233529	6	30913755	5.99952370388916e-07
510	ENSG00000233532	13	107028910	1.58755648256286e-05
511	ENSG00000233542	1	1944651	4.99881880916892e-07
512	ENSG00000233589	1	68944811	7.11093226551979e-05
513	ENSG00000233623	1	10118728	9.81978264612812e-05
514	ENSG00000233626	1	212109590	5.65085810318149e-05
515	ENSG00000233708	1	43352267	1.75532316096586e-05
516	ENSG00000233723	2	58654933	0.000719860838595987
517	ENSG00000233766	2	192711264	6.11524122020243e-08
518	ENSG00000233817	9	116381507	0.347439398475002
519	ENSG00000233818	21	37818028	1.18216607035465e-07
520	ENSG00000233836	19	23945745	0.00013989819960753
521	ENSG00000233858	8	49502960	0.000513965063758329
522	ENSG00000233916	6	29675901	0.00804437653528547
523	ENSG00000233929	1	16567707	0.00237097850824401
524	ENSG00000233942	7	95101146	0.0016216605449189
525	ENSG00000233956	21	34890916	1.8174648133812e-07
526	ENSG00000233966	17	15607545	1.64512207188052e-11
527	ENSG00000234026	10	96987999	0.0206065658797843
528	ENSG00000234080	1	50791802	0.000125175426409238
529	ENSG00000234091	10	13771382	0.00153066777378869
530	ENSG00000234141	7	7989483	0.00558480358074803
531	ENSG00000234206	6	107831006	1.81353163004766e-09
532	ENSG00000234219	1	207935928	1.69918475330627e-05
533	ENSG00000234235	2	242483817	0.005079674232053
534	ENSG00000234281	2	211189482	0.00118535648025336
535	ENSG00000234292	5	90575913	4.00400863568776e-07
536	ENSG00000234336	7	28219940	0.000354094180971806
537	ENSG00000234405	23	102752450	0.22053501690605
538	ENSG00000234459	7	89895347	0.0030280952364425
539	ENSG00000234504	10	45395061	0.0813161230407744
540	ENSG00000234515	6	32846947	0.00545634131491923
541	ENSG00000234535	13	34185103	3.61585263328263e-11
542	ENSG00000234617	3	43391135	0.00176697091886906
543	ENSG00000234667	3	49910779	0.00420708612866481
544	ENSG00000234699	10	105212602	0.00892032710280614
545	ENSG00000234770	8	27417790	2.3845936471588e-09
546	ENSG00000234806	10	70184316	1.5588472812094e-07
547	ENSG00000234807	1	59250822	1.42031459307989e-21
548	ENSG00000234810	1	56046709	1.48655527341788e-09
549	ENSG00000234998	1	120906608	1.10858201683226e-05
550	ENSG00000235020	10	18523096	0.000701279568109024
551	ENSG00000235071	23	16492464	2.49254990128477e-05
552	ENSG00000235079	1	71514537	0.00135311682724664
553	ENSG00000235090	7	75552072	2.34981640448758e-05
554	ENSG00000235105	1	48901638	5.51545765157314e-05
555	ENSG00000235151	2	242786531	4.80063072889096e-06
556	ENSG00000235172	5	169758432	0.0022785948088797
557	ENSG00000235213	14	23171351	4.08726911003615e-05
558	ENSG00000235288	3	42846695	1.77170376434464e-06
559	ENSG00000235366	13	46255224	0.00358688489073794
560	ENSG00000235385	23	13284166	0.000405847163314634
561	ENSG00000235413	4	17913296	0.0411000403946906
562	ENSG00000235436	7	89748713	0.000332529501555244
563	ENSG00000235438	13	21834153	0.0160065949728516
564	ENSG00000235482	3	37789600	4.91305801411504e-07
565	ENSG00000235489	10	65928714	0.000446121102312939
566	ENSG00000235500	13	19466399	4.80968938319578e-06
567	ENSG00000235574	7	27531300	8.03802864756555e-05
568	ENSG00000235586	2	38828739	0.0295275812711895
569	ENSG00000235641	9	93921854	4.28351178568674e-09
570	ENSG00000235688	2	945319	0.000107293094550796
571	ENSG00000235721	2	110765251	0.0116629958265085
572	ENSG00000235748	1	197107877	3.35572499362575e-10
573	ENSG00000235781	6	30484042	0.00186326037773552
574	ENSG00000235806	23	38629583	0.0619179770775947
575	ENSG00000235830	3	9298442	0.0107231693149982
576	ENSG00000235890	21	45926689	0.0573238298657354
577	ENSG00000235902	4	186587038	4.45205044468618e-13
578	ENSG00000235904	3	29305684	1.96834273859757e-09
579	ENSG00000235939	10	50627322	0.0332200641777082
580	ENSG00000235997	2	30569524	0.00306805955032551
581	ENSG00000236114	10	44018703	3.44367046153999e-05
582	ENSG00000236132	22	32212364	0.001264951204292
583	ENSG00000236153	2	181844153	0.00396768337373859
584	ENSG00000236155	1	26536231	0.000236048328043707
585	ENSG00000236165	3	37017806	6.48195789243197e-05
586	ENSG00000236166	6	132406223	2.47152749479763e-09
587	ENSG00000236319	17	53604324	0.0154004667778903
588	ENSG00000236333	12	72647287	2.21294334121389e-09
589	ENSG00000236348	2	17566357	0.000180301201630305
590	ENSG00000236360	1	53458867	0.00244899847267002
591	ENSG00000236394	9	139947225	1.21334366949733e-06
592	ENSG00000236411	3	37831411	3.89749495266697e-07
593	ENSG00000236434	1	51730587	0.14694323438843
594	ENSG00000236471	21	16439390	0.0158675732786181
595	ENSG00000236481	16	26596075	1.64960610539793e-09
596	ENSG00000236510	7	3682446	0.00236728380663516
597	ENSG00000236583	8	100245275	4.29999409924742e-08
598	ENSG00000236592	7	35208835	8.49295873080494e-07
599	ENSG00000236683	23	26766145	9.50260730693151e-06
600	ENSG00000236708	7	3303663	0.00486788057271169
601	ENSG00000236710	11	3105622	1.33834001962746e-07
602	ENSG00000236732	3	32192574	5.75994807428703e-05
603	ENSG00000236797	10	77142150	1.65648931850047e-07
604	ENSG00000236882	5	95187935	0.000631376501171704
605	ENSG00000236993	10	57427100	0.000102657141590727
606	ENSG00000236998	9	71403222	0.00169073517982402
607	ENSG00000237064	7	109599274	0.0105760625379787
608	ENSG00000237135	10	31207940	4.61082521521933e-07
609	ENSG00000237154	6	27375475	5.49782354546792e-07
610	ENSG00000237233	10	63212396	0.0276862649260075
611	ENSG00000237234	6	112475966	0.021397413664371
612	ENSG00000237259	20	18294408	6.15768158443353e-09
613	ENSG00000237260	2	177203364	0.00110944250263422
614	ENSG00000237307	23	136058575	0.00102870581062169
615	ENSG00000237352	1	59522314	0.0635477203743929
616	ENSG00000237398	6	33098992	3.72187119684144e-05
617	ENSG00000237438	22	17517459	0.00579508415354674
618	ENSG00000237510	2	96455401	1.25968217372769e-06
619	ENSG00000237513	7	104581509	0.000440008161861735
620	ENSG00000237520	1	235092977	0.0800345001947803
621	ENSG00000237529	9	85891290	0.0302137241664103
622	ENSG00000237588	1	156657486	0.00416159041741486
623	ENSG00000237624	1	39980627	0.000255631395549544
624	ENSG00000237632	7	102902446	0.00358195239775584
625	ENSG00000237637	13	32599450	0.00187879673045853
626	ENSG00000237647	8	687650	1.36236901030536e-05
627	ENSG00000237742	6	125899703	1.12218727874669e-05
628	ENSG00000237766	12	67659621	0.309760388847371
629	ENSG00000237775	6	30834758	0.000995097500122751
630	ENSG00000237813	7	115878313	0.0856393747155408
631	ENSG00000237887	2	54756479	0.0126764744978357
632	ENSG00000237943	10	6622380	4.84563560078457e-05
633	ENSG00000237949	10	60759385	4.95437951068575e-18
634	ENSG00000237978	3	178244292	4.94274095361245e-07
635	ENSG00000238086	13	48890998	2.59707106377018e-10
636	ENSG00000238107	1	147767286	8.86228700880685e-05
637	ENSG00000238171	2	181940777	0.000385131055982438
638	ENSG00000238246	10	20359733	0.00596404976958711
639	ENSG00000238290	1	8086797	0.113486774965236
640	ENSG00000238406	9	131306194	0.00326107854146915
641	ENSG00000238829	2	202006626	0.0541615210883941
642	ENSG00000238934	1	161110997	0.000545707371588212
643	ENSG00000239317	5	145518333	6.32934837146348e-06
644	ENSG00000239405	3	128256862	2.12275756554328e-06
645	ENSG00000239413	12	101818218	0.0196710104471938
646	ENSG00000239532	4	37822982	0.00258832036847765
647	ENSG00000239593	9	124042140	0.00131867153152435
648	ENSG00000239602	5	145517317	1.25934812798747e-06
649	ENSG00000239801	3	57614536	3.85978072757243e-05
650	ENSG00000239804	3	125506730	0.000308498055292635
651	ENSG00000239828	3	106991476	9.12195455625686e-05
652	ENSG00000239959	3	75495919	0.000395337723518517
653	ENSG00000240106	19	16650498	1.28089897536243e-07
654	ENSG00000240240	9	42410362	2.42731555025588e-05
655	ENSG00000240338	16	75259971	0.0260302669921324
656	ENSG00000240366	15	75478991	0.130630087436726
657	ENSG00000240441	12	108113375	0.0173006863077517
658	ENSG00000240602	3	151488215	0.000407317549033861
659	ENSG00000240625	6	43003935	0.134241187861069
660	ENSG00000240710	1	204572162	0.028421748684541
661	ENSG00000240808	11	17159522	0.00214994364624104
662	ENSG00000240929	1	149369721	0.000109753592950198
663	ENSG00000241218	3	107046676	2.76113679493526e-07
664	ENSG00000241307	3	155478405	0.0099661954594531
665	ENSG00000241418	23	130929684	1.11020902303432e-06
666	ENSG00000241684	3	64670584	7.58074275805702e-08
667	ENSG00000241720	1	110268441	2.78079839706992e-14
668	ENSG00000241765	12	69816435	1.53986270387182e-13
669	ENSG00000241782	11	77579767	0.599576559677674
670	ENSG00000241985	3	149366783	0.0122224205701042
671	ENSG00000242052	3	119354372	0.000305394538198849
672	ENSG00000242078	7	129423209	6.58445584934196e-08
673	ENSG00000242104	3	141382040	0.000118658199457538
674	ENSG00000242199	3	124452264	0.000434491054254539
675	ENSG00000242288	10	75434052	0.00523939835061988
676	ENSG00000242353	11	30389694	0.00278138259812602
677	ENSG00000242405	12	12308195	0.00303835506092298
678	ENSG00000242607	8	12427858	0.000107713317703633
679	ENSG00000242611	7	77037	8.32600237824048e-11
680	ENSG00000242634	15	67524783	4.56285445147358e-05
681	ENSG00000242696	2	203221843	0.0675591991410365
682	ENSG00000242941	14	69159806	0.000810447211751227
683	ENSG00000243064	21	15646412	0.00456362177599135
684	ENSG00000243384	3	58558470	3.7645996300913e-26
685	ENSG00000243422	3	75673836	0.000377663874513552
686	ENSG00000243504	8	98877281	0.0229237240742036
687	ENSG00000243514	17	70623369	0.000122626768501735
688	ENSG00000243609	16	48611434	3.09649506673305e-06
689	ENSG00000243642	19	58581337	0.000398596833172133
690	ENSG00000243659	1	27637730	2.46407103665739e-07
691	ENSG00000243738	9	123965436	1.00621219034783e-09
692	ENSG00000243742	11	61382507	0.000415459395700202
693	ENSG00000243854	12	19456413	0.000340641667581834
694	ENSG00000244019	5	76841221	0.000184951544496197
695	ENSG00000244124	3	141637093	0.00111707669274628
696	ENSG00000244176	11	61779222	2.55790296396097e-06
697	ENSG00000244196	3	109190175	2.91552128919784e-06
698	ENSG00000244381	3	169427082	2.49542685413666e-06
699	ENSG00000244433	1	95138473	0.00127801272262648
700	ENSG00000244468	3	149002568	9.29623534845732e-06
701	ENSG00000244527	18	18699142	0.000361267947936186
702	ENSG00000244564	3	64430906	0.000197099956568214
703	ENSG00000244593	8	18240783	0.00215324250422894
704	ENSG00000244699	3	75433209	8.24631566685782e-10
705	ENSG00000244753	17	10763851	5.01866846514569e-06
706	ENSG00000244756	14	61038741	0.000454076986356993
707	ENSG00000244953	11	43965336	8.71981885862067e-08
708	ENSG00000245025	8	22842108	1.23484030064539e-10
709	ENSG00000245330	8	120879658	0.085989435392908
710	ENSG00000245869	11	118756549	0.025299976720918
711	ENSG00000246448	4	144621409	0.000464384427777963
712	ENSG00000247925	6	11173684	0.000641457204840677
713	ENSG00000247970	14	100070892	4.29476997028152e-07
714	ENSG00000248113	4	83501269	0.00101945602398215
715	ENSG00000248115	4	53811815	0.00702203844060125
716	ENSG00000248180	4	88128243	7.40141595191361e-06
717	ENSG00000248196	4	88087995	0.0248666352296834
718	ENSG00000248235	8	22446786	0.00319965519188833
719	ENSG00000248362	5	147265648	1.06364829655073e-09
720	ENSG00000248459	3	129717373	6.90157077175131e-07
721	ENSG00000248468	3	131236674	0.272879785484152
722	ENSG00000248491	4	128018252	3.62963188840729e-07
723	ENSG00000248576	12	54556922	0.0185107605118334
724	ENSG00000248587	5	37840539	0.00528534278585016
725	ENSG00000248626	5	159377499	6.52025203641619e-06
726	ENSG00000248632	4	165889738	1.20367062035203e-06
727	ENSG00000248693	5	18704541	4.90841854615956e-06
728	ENSG00000248698	4	14113591	0.0282879830226874
729	ENSG00000248774	4	174243356	6.8258659408851e-05
730	ENSG00000248810	4	142240603	0.000977679767455439
731	ENSG00000248830	19	35033366	0.0189525169433601
732	ENSG00000248873	5	42465501	0.068947539914248
733	ENSG00000248884	5	67726253	0.000101569101084722
734	ENSG00000248896	8	10586823	5.46483846855079e-09
735	ENSG00000248925	5	269972	1.09459803838495e-05
736	ENSG00000248968	5	10248436	3.77615132035588e-11
737	ENSG00000248994	5	1933976	0.0010425486432193
738	ENSG00000249001	4	88489186	1.02669817015106e-14
739	ENSG00000249013	4	156927629	0.00186810329768373
740	ENSG00000249072	4	78929665	0.00439980616616708
741	ENSG00000249085	5	72090231	7.43357593746107e-11
742	ENSG00000249159	5	8387750	2.16630672436945e-11
743	ENSG00000249210	19	47061897	0.000259937979840971
744	ENSG00000249245	4	146545310	0.0063615875444855
745	ENSG00000249258	8	16988689	3.54946993897879e-06
746	ENSG00000249274	3	98501031	0.0195365705910032
747	ENSG00000249293	5	73073863	0.00793199282869848
748	ENSG00000249304	4	114864411	0.0148815086044213
749	ENSG00000249609	4	169750069	4.1864382787739e-06
750	ENSG00000249624	21	34619078	5.83914514868943e-05
751	ENSG00000249650	5	602734	0.000124933376712917
752	ENSG00000249661	4	141562993	1.27811179370672e-05
753	ENSG00000249669	5	148786251	1.11429530956085e-05
754	ENSG00000249706	4	54766037	8.1981365480358e-10
755	ENSG00000249721	5	66988639	0.000547517104486058
756	ENSG00000249741	4	144832666	8.96396951422522e-12
757	ENSG00000249755	4	89448310	0.257220840754918
758	ENSG00000249767	4	9080748	5.26495669805635e-07
759	ENSG00000249776	5	91745962	7.50961976371135e-09
760	ENSG00000249790	12	8940852	1.93475417186443e-07
761	ENSG00000249797	5	117260702	4.78945602165918e-10
762	ENSG00000249834	5	147686860	3.65170801498826e-14
763	ENSG00000249856	5	74213550	0.00368058595012559
764	ENSG00000249859	8	128902873	1.01759485536522e-09
765	ENSG00000249908	5	767511	0.00156320448832209
766	ENSG00000249916	5	121705456	0.0451092815442611
767	ENSG00000249978	7	38374641	0.00362106092650384
768	ENSG00000250012	3	125803062	1.97055152153718e-13
769	ENSG00000250015	5	115638050	3.08233683946354e-09
770	ENSG00000250030	4	68311984	0.00153883688832293
771	ENSG00000250081	5	64782270	2.9695869314393e-10
772	ENSG00000250155	5	36666315	0.0133027823247531
773	ENSG00000250234	5	34656516	0.01324564237177
774	ENSG00000250240	5	95036952	0.0152085022157584
775	ENSG00000250266	4	171195069	6.87493198206892e-05
776	ENSG00000250282	17	48178067	1.89005557461978e-09
777	ENSG00000250290	8	121647797	0.00089783500931682
778	ENSG00000250327	4	187079049	5.47177072997394e-10
779	ENSG00000250343	5	146559766	0.000161603826725563
780	ENSG00000250413	4	10008105	0.221437004595845
781	ENSG00000250420	5	178191861	0.0833402198267696
782	ENSG00000250424	7	30893009	2.05663150730742e-08
783	ENSG00000250444	5	114847773	5.30581528581199e-05
784	ENSG00000250470	22	24319094	2.65066973815493e-08
785	ENSG00000250471	4	8176147	3.60292270180048e-10
786	ENSG00000250596	4	175444851	6.24857167924881e-09
787	ENSG00000250629	5	38783681	0.000197108428065522
788	ENSG00000250643	3	129672947	0.00124939477147809
789	ENSG00000250651	4	103817881	0.00120934546285994
790	ENSG00000250654	12	54470621	0.000649098327553912
791	ENSG00000250669	5	66985860	0.012732705360225
792	ENSG00000250697	5	33023160	0.000665238867831045
793	ENSG00000250794	8	12278540	0.000868808186582689
794	ENSG00000250878	13	103532448	0.00014940024413296
795	ENSG00000250934	3	125985638	6.27481336319103e-11
796	ENSG00000250956	5	126515447	0.0607965684954259
797	ENSG00000250982	16	28251013	2.16899827510445e-05
798	ENSG00000250986	4	3760474	0.00082919830182009
799	ENSG00000251066	5	84845226	0.000406816836568807
800	ENSG00000251087	4	9705373	2.50116606881487e-05
801	ENSG00000251187	5	111527882	0.013313369193772
802	ENSG00000251189	5	38682171	8.5909758747646e-09
803	ENSG00000251235	5	75672499	0.00686685304127675
804	ENSG00000251320	5	147266674	2.1389242044184e-10
805	ENSG00000251332	4	37997114	0.0141607026082022
806	ENSG00000251363	14	41424102	0.000228792128908171
807	ENSG00000251374	5	81560975	0.0348731028027158
808	ENSG00000251402	8	12272588	0.000122810786662117
809	ENSG00000251409	5	95171646	0.00869702806068987
810	ENSG00000251463	4	119114559	0.000227875954559735
811	ENSG00000251468	8	12815895	4.24901537214107e-05
812	ENSG00000251535	4	330046	0.00204650459799249
813	ENSG00000251584	4	175457790	2.90672079695953e-07
814	ENSG00000251637	11	67653947	0.00244704954133476
815	ENSG00000251682	5	60642952	0.0119411480044302
816	ENSG00000251687	4	146754269	0.000515346728748465
817	ENSG00000251819	15	101092024	0.141033303807771
818	ENSG00000252061	15	79191181	1.18289951555487e-08
819	ENSG00000252464	5	178046728	0.00275937123633781
820	ENSG00000252498	6	76353799	0.00162674334077874
821	ENSG00000252503	4	139976628	3.27829264750133e-06
822	ENSG00000252950	21	33935384	0.0566656000004315
823	ENSG00000253123	8	37188189	0.00458163857214984
824	ENSG00000253133	8	41391673	0.000103673047433645
825	ENSG00000253161	8	37308280	0.00525171021155438
826	ENSG00000253163	5	178804531	0.00241378491927787
827	ENSG00000253177	8	93681063	3.99334804118476e-13
828	ENSG00000253190	8	67024901	0.00662683869618237
829	ENSG00000253194	6	119255949	0.00232810263971893
830	ENSG00000253295	5	172185228	5.80707898669984e-05
831	ENSG00000253348	5	170174050	0.0351898631879621
832	ENSG00000253384	8	17946077	4.96768866902157e-05
833	ENSG00000253390	8	23316113	0.0244896727375965
834	ENSG00000253399	4	1352266	2.72329915246904e-06
835	ENSG00000253475	8	52808516	0.000130609717133203
836	ENSG00000253483	8	23340528	0.00766953179014212
837	ENSG00000253541	8	57389384	3.82506695860784e-07
838	ENSG00000253616	8	22928889	0.213045045644965
839	ENSG00000253636	8	73964412	5.61767317948932e-05
840	ENSG00000253688	8	49464574	5.48494179520243e-12
841	ENSG00000253736	5	172189982	0.000289442345905838
842	ENSG00000253771	13	25498814	0.00646925621337909
843	ENSG00000253829	8	38702383	5.23768273717994e-06
844	ENSG00000253853	8	2584857	1.5206764775502e-07
845	ENSG00000253893	8	8025340	8.71530079798526e-07
846	ENSG00000253923	8	103430206	0.0033382138576356
847	ENSG00000253931	8	144494918	3.17912732529153e-09
848	ENSG00000253944	8	17658853	0.000992949420732148
849	ENSG00000253983	8	75111630	0.0105577998908666
850	ENSG00000254006	8	65713792	1.24105578156031e-07
851	ENSG00000254017	9	5113548	0.0102050864401839
852	ENSG00000254042	5	168133571	0.000218200012314281
853	ENSG00000254057	8	94846681	0.00482433076886922
854	ENSG00000254132	5	93904633	2.1493692650547e-05
855	ENSG00000254143	8	40018976	0.00161119197796229
856	ENSG00000254153	8	8314418	0.0430899916293234
857	ENSG00000254192	5	168081517	5.83746006130887e-09
858	ENSG00000254204	8	54427729	3.93184804859461e-06
859	ENSG00000254208	8	86089756	3.70271363850264e-07
860	ENSG00000254211	5	173213792	0.0569403233895484
861	ENSG00000254274	8	54985673	1.98734518923379e-06
862	ENSG00000254281	8	103991012	0.000291180161236904
863	ENSG00000254288	8	74964574	0.0743181721605172
864	ENSG00000254337	8	69760976	8.17966031548734e-13
865	ENSG00000254348	8	48100927	0.00055880629476887
866	ENSG00000254362	8	26298006	0.0220496644315195
867	ENSG00000254414	15	85175128	7.16017917521624e-13
868	ENSG00000254417	11	69918539	0.000415849181132203
869	ENSG00000254418	11	14284391	0.0226153066950001
870	ENSG00000254420	11	78035803	8.08081220098181e-06
871	ENSG00000254427	11	45376921	0.000252994278173955
872	ENSG00000254429	11	74971170	2.35928240448562e-06
873	ENSG00000254506	11	101455025	0.000138104099270426
874	ENSG00000254510	11	66176628	3.87928632529659e-08
875	ENSG00000254527	8	12063267	0.00726178740725501
876	ENSG00000254528	11	117704433	3.5935426566972e-06
877	ENSG00000254533	8	145923998	1.57388025209682e-08
878	ENSG00000254545	1	32254730	2.05533310013999e-06
879	ENSG00000254561	11	119479134	0.00172383489653628
880	ENSG00000254602	11	57405496	1.1512183271455e-05
881	ENSG00000254667	11	123301057	0.00384281421309636
882	ENSG00000254706	1	162335196	0.0135171284825957
883	ENSG00000254810	11	76365212	2.83718348466262e-06
884	ENSG00000254847	11	12559629	8.29725531763882e-07
885	ENSG00000254859	8	144624142	0.00290789846558319
886	ENSG00000254905	11	126162816	0.00113694084269724
887	ENSG00000254912	15	32786203	0.0345824347646275
888	ENSG00000254944	11	122831034	4.32343656465578e-07
889	ENSG00000254948	8	11777408	0.00596128410584845
890	ENSG00000254965	11	82822101	6.43053745647044e-05
891	ENSG00000254966	11	18728083	0.000389865081787007
892	ENSG00000254967	11	125820010	0.106711972759195
893	ENSG00000254981	8	38258053	0.0165926109278749
894	ENSG00000255000	8	146273245	0.00638511745139295
895	ENSG00000255046	8	11655436	6.6619776296205e-11
896	ENSG00000255050	8	144655659	3.13262137172256e-05
897	ENSG00000255052	8	11973290	1.68166820858209e-06
898	ENSG00000255085	8	145925737	1.8178497058578e-09
899	ENSG00000255090	11	122026129	7.71661156877118e-11
900	ENSG00000255122	8	12437795	4.33359695642885e-06
901	ENSG00000255222	11	86005801	0.00797999299231526
902	ENSG00000255234	11	82997170	0.177623485305976
903	ENSG00000255310	8	10965297	1.7041913499974e-05
904	ENSG00000255328	11	327170	0.0143405798880457
905	ENSG00000255343	8	144915439	2.03565769154535e-07
906	ENSG00000255345	11	78803892	0.0100776196127049
907	ENSG00000255353	11	107047011	0.0242781845341049
908	ENSG00000255362	11	75921999	3.69262061013349e-05
909	ENSG00000255363	11	76339139	0.00082776824975046
910	ENSG00000255382	11	82502703	0.00954818116381281
911	ENSG00000255389	6	111921077	0.000257379531506913
912	ENSG00000255418	11	23186732	0.00457768444871645
913	ENSG00000255421	11	75848358	0.0673686024791485
914	ENSG00000255465	11	128485761	0.000466037220497205
915	ENSG00000255478	11	65134908	0.000323361998405366
916	ENSG00000255479	11	76336505	0.00686836494239481
917	ENSG00000255495	8	12051975	1.11460526769559e-08
918	ENSG00000255504	11	101018880	1.38380268942938e-07
919	ENSG00000255606	11	69253132	0.000146143069862024
920	ENSG00000255621	12	13153384	0.0322956209345503
921	ENSG00000255624	10	124639245	0.000305599087900531
922	ENSG00000255642	12	64215800	3.62705493535221e-05
923	ENSG00000255652	12	34343971	6.31387028022376e-08
924	ENSG00000255655	12	109883214	0.441400684781657
925	ENSG00000255725	12	25956136	0.000437483732284192
926	ENSG00000255819	12	10524951	0.00209599418070762
927	ENSG00000255839	12	124192148	0.000203123967892353
928	ENSG00000255843	11	72013182	2.89671202685988e-05
929	ENSG00000255864	12	24366189	3.32916127215255e-10
930	ENSG00000255872	9	37588409	2.24815227086581e-09
931	ENSG00000255909	12	19566086	0.000148236054667214
932	ENSG00000255921	12	25102096	1.94406630328387e-15
933	ENSG00000255966	12	6641455	0.00142252283140638
934	ENSG00000255967	12	8786962	3.83486051464422e-05
935	ENSG00000255986	16	56669650	9.43570706685064e-22
936	ENSG00000256001	12	127629616	1.78561564168752e-05
937	ENSG00000256037	12	67745215	6.67666106929464e-07
938	ENSG00000256069	12	9381128	4.79788274692038e-07
939	ENSG00000256139	12	109549022	1.34461135638537e-14
940	ENSG00000256407	1	54609064	0.000298911274690284
941	ENSG00000256427	12	9399092	1.44642074943528e-07
942	ENSG00000256552	12	8472976	1.76354226487641e-11
943	ENSG00000256609	12	119619852	1.707311860405e-06
944	ENSG00000256612	19	41430123	0.00041657004359183
945	ENSG00000256632	12	133264634	0.00240963991703797
946	ENSG00000256663	12	20704523	2.10746458170228e-12
947	ENSG00000256705	14	102299771	8.33804774710531e-09
948	ENSG00000256720	12	9287679	0.00774126307767444
949	ENSG00000256955	12	132341964	0.000641454873205823
950	ENSG00000257002	11	62677017	1.58536318846948e-07
951	ENSG00000257043	11	18686596	4.57747679782613e-06
952	ENSG00000257086	11	64014410	1.54326755931878e-20
953	ENSG00000257121	12	95494306	0.00301829416965949
954	ENSG00000257150	12	96043030	3.19860659772961e-07
955	ENSG00000257199	12	77377858	4.38122059675145e-06
956	ENSG00000257210	12	93517838	0.000996579701313555
957	ENSG00000257322	12	93397190	0.00023594649152703
958	ENSG00000257341	14	105953535	0.00326163015995163
959	ENSG00000257345	12	93392993	0.0290430455599262
960	ENSG00000257431	12	82906455	0.00116656482719917
961	ENSG00000257496	12	46778015	0.121240460884451
962	ENSG00000257605	12	53692448	1.79283139541138e-10
963	ENSG00000257647	15	25272882	6.63901422583598e-10
964	ENSG00000257735	12	48744727	1.90182397895898e-07
965	ENSG00000257803	12	100972521	3.44674578898643e-06
966	ENSG00000257817	12	115151615	5.21006028006262e-06
967	ENSG00000257924	12	47747536	3.08870740258443e-06
968	ENSG00000257925	12	47631516	0.000758515490545047
969	ENSG00000257953	12	58230874	0.107741035777825
970	ENSG00000257999	12	105496249	0.0150627860185201
971	ENSG00000258010	15	80726135	0.0056050086518853
972	ENSG00000258086	12	54747575	0.0579325869682693
973	ENSG00000258092	12	2906301	0.0010570137655997
974	ENSG00000258100	12	91755972	0.00109608160579773
975	ENSG00000258116	12	47735396	6.03667387878821e-05
976	ENSG00000258128	12	88175939	0.000413853242124871
977	ENSG00000258168	12	70861859	0.000975374405470511
978	ENSG00000258230	12	102166891	0.0214555989526355
979	ENSG00000258249	12	117037074	0.00443413575235658
980	ENSG00000258376	14	73710725	9.89377708155883e-05
981	ENSG00000258399	14	101361106	8.50208335455262e-06
982	ENSG00000258404	14	102100790	0.00166831571626119
983	ENSG00000258424	14	90868866	0.0223354495422398
984	ENSG00000258435	12	121829764	1.62134741986828e-06
985	ENSG00000258439	14	75124751	0.00075653351779413
986	ENSG00000258443	14	73983936	0.164340662541103
987	ENSG00000258446	14	91885792	1.46468319127591e-08
988	ENSG00000258501	14	82382574	0.0261662435636013
989	ENSG00000258520	14	69705882	0.000534188303648393
990	ENSG00000258555	22	24666865	0.00283293985438746
991	ENSG00000258572	14	95982472	1.44356250654949e-07
992	ENSG00000258590	15	20862966	0.237212403250077
993	ENSG00000258603	14	74083411	1.43289027424786e-08
994	ENSG00000258604	14	21492330	2.30752160072254e-15
995	ENSG00000258623	14	69150127	8.60418318668657e-06
996	ENSG00000258636	14	42057063	2.82619623326047e-11
997	ENSG00000258657	14	25064928	0.0156129939504996
998	ENSG00000258679	12	57216768	0.00708773852407684
999	ENSG00000258695	14	73989581	0.0203824093007904
1000	ENSG00000258789	14	89017940	1.1286632264201e-07
1001	ENSG00000258794	12	34361349	2.08409437443668e-06
1002	ENSG00000258847	14	66424014	2.61840842223919e-05
1003	ENSG00000258857	14	50863730	0.228317112720397
1004	ENSG00000258919	14	102095320	0.000452192885595401
1005	ENSG00000258926	14	62004225	0.00110981374093878
1006	ENSG00000258943	14	63764843	0.035854150587692
1007	ENSG00000258952	14	61107447	1.0704264727279e-07
1008	ENSG00000258983	14	88965677	0.00181058969704681
1009	ENSG00000258987	14	94405900	0.00117124906708832
1010	ENSG00000258998	14	45232359	9.59626907247823e-14
1011	ENSG00000258999	14	81573376	5.0332992016785e-06
1012	ENSG00000259040	6	7881754	1.35651744654039e-06
1013	ENSG00000259093	14	63589750	0.000199275195736964
1014	ENSG00000259113	14	50915524	0.000407590867565116
1015	ENSG00000259138	14	75593855	0.00253940570775726
1016	ENSG00000259155	14	50144086	1.97426506833379e-10
1017	ENSG00000259171	14	21152745	1.51213175752504e-08
1018	ENSG00000259236	15	102311960	0.000269008524653495
1019	ENSG00000259318	14	55861657	0.15251242679049
1020	ENSG00000259319	14	75890385	3.4781808528466e-11
1021	ENSG00000259353	15	59149029	5.37267828501682e-08
1022	ENSG00000259359	15	96714809	2.21048420238513e-09
1023	ENSG00000259367	15	86162853	0.00272675222548595
1024	ENSG00000259392	15	33129183	0.00601821305472977
1025	ENSG00000259405	15	41240933	0.0905397295078065
1026	ENSG00000259425	15	23096868	0.0017115078016293
1027	ENSG00000259430	15	100913143	0.000392437595608397
1028	ENSG00000259459	15	63682334	0.00521087802824307
1029	ENSG00000259519	15	45462541	0.000637683632676316
1030	ENSG00000259542	15	96936374	6.0366480102877e-09
1031	ENSG00000259546	15	81188530	6.16711725740458e-05
1032	ENSG00000259548	15	80124807	0.00104882218888264
1033	ENSG00000259584	15	40367404	0.00123541680424696
1034	ENSG00000259628	7	76673037	0.00386862352095459
1035	ENSG00000259649	15	81188531	0.260710382217039
1036	ENSG00000259660	15	102291234	0.00119356163718325
1037	ENSG00000259665	15	35373344	1.76178414360244e-06
1038	ENSG00000259683	15	84944426	0.00937998450810204
1039	ENSG00000259704	15	91382953	0.0223478167704239
1040	ENSG00000259709	15	52416757	0.00633654045106535
1041	ENSG00000259738	15	59157204	2.59774005690167e-06
1042	ENSG00000259744	15	71141221	0.00931886435483071
1043	ENSG00000259747	15	38964047	0.0402080970859093
1044	ENSG00000259780	16	2285689	2.46275052985902e-07
1045	ENSG00000259783	15	72900827	0.00795742704570065
1046	ENSG00000259799	11	68923377	0.000901331130200213
1047	ENSG00000259807	16	29228490	0.000237829105340909
1048	ENSG00000259834	1	111196181	0.00629632259716147
1049	ENSG00000259869	10	43246625	0.0143562071276115
1050	ENSG00000259883	15	42213614	0.0185790851199442
1051	ENSG00000259884	12	52452242	1.11849608088985e-07
1053	ENSG00000259920	7	130121331	0.114762718722494
1054	ENSG00000259969	14	58460262	5.04390587545876e-10
1055	ENSG00000260025	2	36581891	0.00193468341997779
1056	ENSG00000260078	16	53398893	0.000129169026181875
1057	ENSG00000260105	17	41019295	5.38832054276228e-11
1058	ENSG00000260123	15	89584453	0.00145466348658206
1059	ENSG00000260128	15	30864940	0.00145381117269021
1060	ENSG00000260132	16	1458834	9.29971022060058e-10
1061	ENSG00000260173	15	72432844	0.0117570087518593
1062	ENSG00000260176	16	2694084	0.00222451888231547
1063	ENSG00000260209	11	125742925	0.000859943104411545
1064	ENSG00000260277	16	22094576	0.0771015565524926
1065	ENSG00000260284	16	1336351	3.47728098664283e-07
1066	ENSG00000260302	18	12774649	8.45035059767425e-06
1068	ENSG00000260398	8	79518186	0.00602217104959995
1069	ENSG00000260409	15	20935075	2.31573568777954e-06
1070	ENSG00000260412	9	27937614	3.31058388459937e-06
1071	ENSG00000260454	9	93759335	7.78383808542546e-07
1072	ENSG00000260455	6	22135185	0.0341161658847532
1073	ENSG00000260498	16	87807093	3.29119771954642e-08
1074	ENSG00000260500	19	7983536	0.102244342558798
1075	ENSG00000260509	13	25874261	7.24354172225335e-05
1076	ENSG00000260549	16	56651387	2.92741942128736e-06
1077	ENSG00000260578	18	65149027	0.000767373773570501
1078	ENSG00000260608	15	83681412	0.00209228295462942
1079	ENSG00000260633	3	134066129	5.65424993842227e-06
1080	ENSG00000260645	6	81176674	0.0109259384491706
1082	ENSG00000260664	16	72459846	0.0335249517518068
1083	ENSG00000260686	5	122168050	1.16519301845128e-07
1085	ENSG00000260693	15	30832295	1.10608693873879e-06
1086	ENSG00000260714	16	25027298	0.0068423921521451
1087	ENSG00000260742	2	182752577	1.95141309663057e-09
1088	ENSG00000260757	16	31413885	3.10620555196635e-05
1089	ENSG00000260798	16	68848232	4.02784200421519e-05
1090	ENSG00000260838	8	73859384	0.000324346851936236
1091	ENSG00000260844	15	29008585	0.0123039402748967
1092	ENSG00000260886	16	71599691	0.0344815659390373
1093	ENSG00000260918	4	47433976	0.0360522506912945
1094	ENSG00000260920	1	40929990	1.1654640888898e-08
1095	ENSG00000260924	22	19158907	6.43013805979223e-12
1096	ENSG00000260932	16	83963400	0.0012152340207008
1097	ENSG00000260942	2	241522116	1.52541056078919e-11
1098	ENSG00000260947	9	33697456	4.30119319666994e-05
1099	ENSG00000260953	16	29273593	8.23547872441803e-05
1100	ENSG00000260977	2	47004921	0.00642164302913593
1101	ENSG00000261026	8	22536525	8.45332808351623e-06
1102	ENSG00000261033	17	19911363	7.31116421894267e-05
1103	ENSG00000261060	1	179559506	0.0569353253586034
1104	ENSG00000261061	16	81064374	6.35857225826859e-09
1105	ENSG00000261069	15	25332807	3.76299425063058e-07
1106	ENSG00000261076	10	60085373	0.0124104052942519
1107	ENSG00000261096	2	232674555	0.000101980901761783
1108	ENSG00000261192	17	55122838	0.00612932610527075
1109	ENSG00000261215	9	34661899	0.000810991961172484
1110	ENSG00000261220	8	134585425	0.00254502926632342
1112	ENSG00000261245	16	31372598	0.00013488791349172
1113	ENSG00000261266	16	23698369	6.66817263001827e-05
1114	ENSG00000261292	3	97478366	0.00053358028300887
1115	ENSG00000261327	16	88210903	2.28919886502631e-05
1116	ENSG00000261409	23	107963178	0.00108540562727984
1117	ENSG00000261420	6	166796676	0.00622037263872424
1118	ENSG00000261447	9	72287664	9.62092028389679e-07
1119	ENSG00000261459	16	30537243	0.0138408236165586
1120	ENSG00000261468	3	30739152	7.31712940525818e-06
1121	ENSG00000261513	16	71757082	0.0297117103473584
1122	ENSG00000261567	16	85391068	0.000344705574417495
1123	ENSG00000261592	16	87430309	0.00164700705613916
1124	ENSG00000261600	2	91768392	2.07746836390424e-06
1125	ENSG00000261611	16	71481502	1.06121136320932e-05
1126	ENSG00000261625	11	68768232	2.53950048276656e-08
1127	ENSG00000261634	15	69570666	0.0314020460425295
1128	ENSG00000261671	10	22546714	0.00139477259068562
1129	ENSG00000261685	16	50679719	6.64674031112202e-05
1130	ENSG00000261716	1	149816064	1.8097869393063e-09
1131	ENSG00000261760	2	110992311	7.64139688670352e-08
1132	ENSG00000261762	15	78881464	2.53335817614307e-10
1133	ENSG00000261786	3	44158790	0.00821891879282374
1134	ENSG00000261839	6	28104626	0.000129598142481085
1135	ENSG00000261888	17	81061204	4.2940657852555e-12
1136	ENSG00000262052	17	53920037	8.41481917225597e-06
1137	ENSG00000262118	16	3417718	0.0207572182855403
1138	ENSG00000262119	14	27061952	0.0601906464311281
1139	ENSG00000262133	17	781141	0.00106175532760494
1140	ENSG00000262172	17	77965742	0.000283296743451503
1141	ENSG00000262294	17	202428	0.0247528192388774
1142	ENSG00000262319	17	19044329	0.0159061423428654
1143	ENSG00000262339	17	80936400	0.000190517176405888
1144	ENSG00000262445	17	1898907	0.0799182548899457
1145	ENSG00000262481	17	7293052	3.08672974087116e-06
1146	ENSG00000262497	19	35723193	1.62073305058094e-13
1147	ENSG00000262558	17	204527	0.0471136127428883
1148	ENSG00000262601	16	85204881	7.23155724507846e-07
1149	ENSG00000262700	16	25104707	0.000568016364285563
1150	ENSG00000262703	16	11441999	5.39280673582927e-05
1151	ENSG00000262768	17	77774396	4.67996045089699e-08
1152	ENSG00000262823	17	4385260	0.0112040094429102
1153	ENSG00000262890	16	70835985	0.0127155421072214
1154	ENSG00000262920	17	171182	6.49075717883005e-05
1155	ENSG00000263065	16	15835007	2.44295517357429e-06
1156	ENSG00000263089	17	55169505	0.0163148706721011
1157	ENSG00000263220	17	5267609	0.0200849148908373
1158	ENSG00000263343	16	31176968	2.83108183514142e-05
1159	ENSG00000263368	17	25853411	0.0685876420212927
1160	ENSG00000263429	17	10698229	9.65020369457061e-06
1161	ENSG00000263508	17	10752857	6.78811994675914e-13
1162	ENSG00000263612	8	145939283	0.00406779312111589
1163	ENSG00000263727	18	653984	0.000198533557298901
1164	ENSG00000263809	17	8271955	1.10941784086665e-05
1165	ENSG00000264016	17	10644583	1.32844660984939e-09
1166	ENSG00000264017	6	89800664	1.84125316036448e-08
1167	ENSG00000264177	17	18283168	0.0257489932252012
1168	ENSG00000264215	17	20691383	0.00539318480486448
1169	ENSG00000264219	3	25706363	3.01073998472451e-12
1170	ENSG00000264453	19	58249832	4.8368328051705e-08
1171	ENSG00000264644	18	9678244	0.00011753098777347
1172	ENSG00000264668	8	144329279	0.0196941439570672
1173	ENSG00000264727	17	11191521	0.00102398290133872
1174	ENSG00000264932	17	19552685	1.69164103483096e-06
1175	ENSG00000265091	18	5232874	0.000176880840772936
1176	ENSG00000265158	18	29304160	5.61539414134712e-07
1177	ENSG00000265179	18	902766	0.00111311966693197
1178	ENSG00000265205	17	26997071	0.0202903718966753
1179	ENSG00000265349	17	9542084	0.000628589984684141
1180	ENSG00000265394	17	28417383	0.00120718269104222
1181	ENSG00000265415	17	57280037	1.31213583789457e-10
1182	ENSG00000265519	17	15691100	4.73182243561616e-10
1183	ENSG00000265542	17	55849306	0.00796362646329371
1185	ENSG00000265665	5	55752864	0.365296854419085
1186	ENSG00000265752	18	21537717	0.0370874000691584
1187	ENSG00000265800	17	73134510	0.0014885445877664
1188	ENSG00000266088	17	38673277	7.59086001078475e-06
1189	ENSG00000266176	17	65989995	0.000189093675132232
1190	ENSG00000266184	18	24411483	0.000391468808816832
1192	ENSG00000266261	17	15554903	0.00134539233362852
1193	ENSG00000266283	18	19780581	0.000365214782167565
1194	ENSG00000266368	17	11857205	0.000523100597758578
1195	ENSG00000266389	17	8869212	0.0425355184167618
1196	ENSG00000266401	18	3653409	0.000657188359512222
1197	ENSG00000266402	17	62223329	6.66405586032561e-05
1198	ENSG00000266446	9	21995480	2.97931809794323e-07
1199	ENSG00000266579	6	57358735	3.30961002529539e-05
1200	ENSG00000266588	17	37159500	2.20470952545741e-09
1201	ENSG00000266601	17	46007047	3.79319813110043e-23
1202	ENSG00000266824	17	8080129	0.000179446401723585
1203	ENSG00000266846	18	6025089	4.24829285041791e-05
1204	ENSG00000266968	18	43226117	0.000266733339478409
1205	ENSG00000267005	19	36664307	0.00346219013546724
1206	ENSG00000267006	19	30519647	0.00104095847940771
1207	ENSG00000267069	18	12288306	0.00110679128980187
1208	ENSG00000267079	18	11910632	1.87209583569378e-09
1209	ENSG00000267088	18	39669275	0.0207643870690795
1210	ENSG00000267097	18	43003728	0.000154327380904362
1211	ENSG00000267105	19	10369784	8.73826999948549e-05
1212	ENSG00000267130	19	33795941	0.000527910969537094
1213	ENSG00000267142	19	36912437	0.00297640983369171
1214	ENSG00000267156	18	45156482	0.0407441232024103
1215	ENSG00000267224	19	57046667	1.31231042213636e-05
1216	ENSG00000267255	19	4429685	4.55648196030654e-09
1217	ENSG00000267259	17	26559615	0.010375476072073
1218	ENSG00000267262	19	6067963	0.0239626595393915
1219	ENSG00000267289	19	9944754	0.0127094865037743
1220	ENSG00000267299	19	6109332	4.20798411920906e-07
1221	ENSG00000267303	19	10426146	1.33640224543182e-07
1222	ENSG00000267304	19	3672579	1.71102035753902e-05
1223	ENSG00000267314	19	5904851	1.7621529611984e-05
1224	ENSG00000267328	19	36245466	1.49340054534095e-13
1225	ENSG00000267336	18	12912842	5.30249140404319e-05
1226	ENSG00000267364	17	33640520	0.00636982554804032
1227	ENSG00000267374	18	36786887	7.86386306649545e-06
1228	ENSG00000267405	17	42872114	2.89546387130462e-10
1229	ENSG00000267461	17	66553656	0.0333176947104323
1230	ENSG00000267472	17	66195061	0.00216163394426964
1231	ENSG00000267476	18	56339844	0.00203565864076679
1232	ENSG00000267497	18	57636669	0.000412836022018456
1233	ENSG00000267505	17	42870566	1.80842462779461e-08
1234	ENSG00000267543	17	74546032	0.0136109041707411
1235	ENSG00000267561	1	87458691	1.08223576017334e-05
1236	ENSG00000267570	18	12911184	3.4616548985103e-05
1237	ENSG00000267581	19	19871846	5.62561520592474e-11
1238	ENSG00000267583	18	33023832	0.0418229889420475
1239	ENSG00000267594	19	15871050	1.82529541931471e-09
1240	ENSG00000267612	19	9841528	0.00233680682050835
1241	ENSG00000267623	19	28393502	0.00237894243303094
1242	ENSG00000267637	17	57862173	2.39411745973861e-12
1243	ENSG00000267640	19	38307998	9.12038917001343e-12
1244	ENSG00000267662	19	31839786	0.00363075976351339
1245	ENSG00000267667	17	59208064	4.94655578435691e-09
1246	ENSG00000267676	17	76244573	5.3843428128185e-07
1247	ENSG00000267699	18	48494388	1.9876302897683e-13
1248	ENSG00000267708	17	66148916	0.0485724175417563
1249	ENSG00000267724	18	44632316	5.13825841270934e-05
1250	ENSG00000267750	17	42376941	0.000857499897205262
1251	ENSG00000267751	19	567211	2.92031838134489e-06
1252	ENSG00000267781	19	56897594	2.08631371325553e-05
1253	ENSG00000267784	2	179588183	4.10998914761493e-11
1254	ENSG00000267808	19	52102541	0.0129630422496606
1255	ENSG00000267920	19	23309370	0.00362252427239735
1256	ENSG00000267927	19	52674410	0.00031292559593851
1257	ENSG00000268015	19	52725477	3.23749857236101e-07
1258	ENSG00000268081	19	21737441	0.000186269213384153
1259	ENSG00000268088	19	40184564	4.4449803466861e-07
1260	ENSG00000268163	19	57949337	0.00583463696817716
1261	ENSG00000268278	19	21820775	4.68544597386771e-07
1262	ENSG00000268297	19	7852434	5.2318801333252e-13
1263	ENSG00000268355	19	42037565	9.50033015745266e-08
1264	ENSG00000268416	19	20929728	0.00584151878672459
1265	ENSG00000268536	19	4785131	0.00051129482595968
1266	ENSG00000268555	19	21753623	9.10543567068611e-09
1267	ENSG00000268564	19	15234970	0.0130197399856849
1268	ENSG00000268621	19	46692422	0.000125375551876666
1269	ENSG00000268660	19	58555959	0.00131327078994719
1270	ENSG00000268747	19	21458824	0.000114999618588025
1271	ENSG00000268798	19	1440837	0.00102507263748171
1272	ENSG00000268849	19	51714335	0.018516448229507
1273	ENSG00000268926	9	98534604	2.00574317729264e-08
1274	ENSG00000269040	19	20967401	0.00035945635096145
1275	ENSG00000269091	19	50546452	0.0325346991149179
1276	ENSG00000269275	19	55888946	3.86363551675771e-06
1277	ENSG00000269289	19	24101882	0.0072996613445062
1278	ENSG00000269345	19	22357567	4.25640017780469e-09
1279	ENSG00000269349	19	53014534	5.91612848235583e-05
1280	ENSG00000269482	16	140628	3.62238660658593e-05
1281	ENSG00000269489	1	151770529	0.000302482230086276
1282	ENSG00000269729	19	46667149	4.86535159243861e-06
1283	ENSG00000269755	19	12543916	0.000349349147441336
1284	ENSG00000269800	19	42027402	0.000112024226689196
1285	ENSG00000269873	19	54949191	0.000441431526083274
1286	ENSG00000269920	10	97733785	0.00926905814846639
1287	ENSG00000269927	14	71607841	0.000135232312862724
1288	ENSG00000269929	9	96938739	0.000442327414203301
1289	ENSG00000269933	1	71471536	6.81135418620842e-05
1290	ENSG00000269936	5	148809848	0.00207161860245499
1291	ENSG00000269974	15	30940999	7.0528447018909e-09
1292	ENSG00000270030	11	325702	0.00610182956911341
1293	ENSG00000270058	16	86255028	0.000451446750648412
1294	ENSG00000270059	3	65344942	8.50281403134001e-06
1295	ENSG00000270074	8	12270335	3.08648835515385e-05
1296	ENSG00000270077	8	98156397	3.02724654822191e-05
1297	ENSG00000270093	21	18015847	3.93925775542664e-10
1298	ENSG00000270097	16	3049902	6.82754538694649e-06
1299	ENSG00000270124	16	85613614	0.00149597088443334
1300	ENSG00000270137	8	133838423	0.000400581046244216
1301	ENSG00000270154	8	12333970	1.41658205980948e-05
1302	ENSG00000270160	11	128484234	0.000226214689754783
1303	ENSG00000270168	16	3051300	1.26159302873707e-06
1304	ENSG00000270190	2	112024444	0.000117978923667192
1305	ENSG00000270195	4	1714547	5.1936972633429e-18
1306	ENSG00000270230	5	99382153	5.74188189773097e-06
1307	ENSG00000270246	15	25287064	3.85157530904043e-08
1308	ENSG00000270326	6	28287436	0.00628063994207045
1309	ENSG00000270343	14	81725908	0.129488170921762
1310	ENSG00000270409	3	15773758	6.03877334479475e-05
1311	ENSG00000270412	9	101705618	0.198482250965864
1312	ENSG00000270457	1	59754974	0.0030498849695745
1313	ENSG00000270469	18	14053949	0.156801356094126
1314	ENSG00000270499	23	46420362	0.000178907389565024
1315	ENSG00000270510	11	87034750	3.64174342073831e-08
1316	ENSG00000270591	14	104229139	0.0110027504574493
1317	ENSG00000270606	17	8463788	1.05295185996056e-06
1318	ENSG00000270638	6	146056705	4.44991271929978e-06
1319	ENSG00000270666	6	27482817	1.10415075702414e-05
1320	ENSG00000270704	15	25230010	8.36562273550911e-07
1321	ENSG00000270755	9	132806991	0.0023660522298686
1322	ENSG00000270775	11	64792861	0.000701940607012543
1323	ENSG00000270792	20	10653575	0.00379164530233484
1324	ENSG00000270876	19	35414202	2.29316254365842e-07
1325	ENSG00000270933	7	25988276	0.000134420823279873
1326	ENSG00000270972	11	333191	0.0028969904860881
1327	ENSG00000270975	14	69328478	2.07609837945052e-05
1328	ENSG00000270988	8	1922983	0.0453164697345409
1330	ENSG00000271064	7	66213824	0.280238192408333
1331	ENSG00000271105	16	25080890	7.27571305902667e-06
1332	ENSG00000271127	22	16179616	1.28797000214776e-06
1333	ENSG00000271131	3	178211114	5.0364365467114e-10
1334	ENSG00000271156	8	89820546	0.0179133046541078
1335	ENSG00000271200	1	62207669	0.00258696771207528
1336	ENSG00000271347	15	25236632	3.97588271293225e-11
1337	ENSG00000271367	6	53214955	0.000358626496272331
1338	ENSG00000271390	11	110960593	6.43509543526901e-07
1339	ENSG00000271401	2	179509443	8.97498553091836e-05
1340	ENSG00000271474	4	96470279	4.23893903752349e-09
1341	ENSG00000271499	19	19861426	8.79176172817832e-07
1342	ENSG00000271537	7	138883302	0.159656888375358
1343	ENSG00000271550	7	64139331	0.000515044249760533
1344	ENSG00000271614	12	90102735	6.99254231034743e-06
1345	ENSG00000271654	8	18244617	2.91721819284407e-06
1346	ENSG00000271714	5	74161717	0.0232998059827504
1347	ENSG00000271715	5	10269600	0.00162525481078901
1348	ENSG00000271723	1	55107458	0.00222540440759049
1349	ENSG00000271725	15	81595555	0.00022776417661749
1350	ENSG00000271727	6	711532	0.00234100475894232
1351	ENSG00000271730	6	109319684	0.00440543170426865
1352	ENSG00000271743	8	6473124	2.81817771342101e-05
1353	ENSG00000271749	17	61470715	0.00408814489118969
1354	ENSG00000271787	2	10194547	1.40389652672195e-10
1355	ENSG00000271815	5	74659584	8.80674796996156e-05
1356	ENSG00000271817	4	159621842	0.000444607453676845
1357	ENSG00000271830	8	104493493	0.00178344158766977
1358	ENSG00000271936	2	25048478	1.23524448181992e-08
1359	ENSG00000272021	5	95185012	0.00639786535480781
1360	ENSG00000272023	5	132299461	0.0423243956982267
1361	ENSG00000272068	1	156607574	0.0177467041459173
1362	ENSG00000272071	5	6779570	5.19208528204322e-05
1363	ENSG00000272076	8	52722669	4.22949870426538e-09
1364	ENSG00000272158	14	65470042	0.00157443426753864
1365	ENSG00000272161	1	2257639	0.126939334375857
1366	ENSG00000272163	8	24769677	0.0164451437996076
1367	ENSG00000272180	2	56179292	0.0458724024379395
1368	ENSG00000272183	2	74728843	1.38094931062249e-08
1369	ENSG00000272202	3	57112970	0.000837621498438957
1370	ENSG00000272209	6	13825662	7.09112240636535e-07
1371	ENSG00000272279	6	1528598	5.78707390817212e-05
1372	ENSG00000272312	6	26968986	0.000140841804439018
1373	ENSG00000272319	10	43075171	0.0293550990723031
1374	ENSG00000272320	6	3311895	0.000912510527348285
1375	ENSG00000272321	8	99448896	4.96099097178727e-07
1376	ENSG00000272324	5	10761176	0.000534173384329556
1377	ENSG00000272360	3	58476556	1.19632090120723e-07
1378	ENSG00000272372	16	56385797	1.75128544635055e-06
1379	ENSG00000272405	1	156611457	0.0012955686546989
1380	ENSG00000272411	5	148349902	2.5227685477548e-06
1381	ENSG00000272455	1	1344475	9.75967803392826e-18
1382	ENSG00000272463	6	708591	4.01404621316056e-08
1383	ENSG00000272483	3	11653075	0.00311982990025354
1384	ENSG00000272489	10	81422947	0.109850211553349
1385	ENSG00000272491	1	48693559	0.0057642917302145
1386	ENSG00000272511	3	21453713	1.62903917486404e-06
1387	ENSG00000272537	7	16510808	1.20005936414118e-08
1388	ENSG00000272541	6	58182168	0.00145540128005296
1389	ENSG00000272555	2	219683412	5.7188803827523e-08
1390	ENSG00000272597	3	107048276	4.37388213089481e-07
1391	ENSG00000272622	2	227664861	0.0196861200737196
1392	ENSG00000272632	4	142351984	0.00136388008628468
1393	ENSG00000272647	7	99156290	0.00453410403911081
1394	ENSG00000272657	21	35445891	8.98613417151246e-06
1395	ENSG00000272691	1	86044182	0.00310597147612793
1396	ENSG00000272701	7	130125882	0.0341342791360852
1397	ENSG00000272754	2	32546706	0.0090123669172479
1398	ENSG00000272777	4	99988406	7.97657415683054e-07
1399	ENSG00000272783	4	1552010	0.0075341611766104
1400	ENSG00000272784	4	184015575	1.08498185143668e-07
1401	ENSG00000272789	2	128383571	1.3661485107364e-06
1402	ENSG00000272799	18	9912312	0.000203689825463103
1403	ENSG00000272817	10	93667887	0.0274625060502192
1404	ENSG00000272823	1	221002017	2.89115137906147e-07
1405	ENSG00000272832	3	133261907	0.0184429231645263
1406	ENSG00000272848	6	169826514	8.73241010486275e-05
1407	ENSG00000272866	9	5351795	7.70921940457835e-06
1408	ENSG00000272912	10	104674341	4.87832854430132e-07
1409	ENSG00000272942	22	25830290	2.43841693144732e-05
1410	ENSG00000272950	7	97952164	0.000214722930530602
1411	ENSG00000272971	1	156584533	0.00216914946535723
1412	ENSG00000273082	22	34318409	1.25784265600892e-06
1413	ENSG00000273091	21	33108044	0.00480907312902986
1414	ENSG00000273123	3	123434697	3.92054844437045e-05
1415	ENSG00000273162	10	102819785	1.19793265334251e-05
1416	ENSG00000273164	22	19010568	0.000109960270841175
1417	ENSG00000273172	17	33614	0.000162805929858852
1418	ENSG00000273175	1	245028039	0.000464885851668354
1419	ENSG00000273203	22	17548710	0.00382820214838244
1420	ENSG00000273209	2	202897492	0.00348986277900985
1421	ENSG00000273233	2	29033146	4.46980932255197e-06
1422	ENSG00000273258	2	174876583	0.0030198944219208
1423	ENSG00000273259	14	95058394	3.45436900996895e-09
1424	ENSG00000273295	22	24243618	0.000722276763129768
1425	ENSG00000273313	7	5111755	8.5776356015271e-05
1426	ENSG00000273328	3	42850905	0.000913702907483542
1427	ENSG00000273331	3	196042952	2.33397939162521e-05
1428	ENSG00000273348	18	19927808	9.33041602514571e-07
1429	ENSG00000273372	10	81727968	3.59856857557312e-09
1430	ENSG00000273384	1	178620840	0.00294477724570383
1431	ENSG00000273442	22	17561590	0.00313965296026309
1432	ENSG00000273443	1	997587	3.09579511567873e-06
1433	ENSG00000273476	10	102727444	0.00432102618235799
